   9.7999999999999997E-003
   3.3500000000000002E-002
   6.6500000000000004E-002
  0.13990000000000000     
  0.16610000000000000     
  0.19930000000000000     
  0.21600000000000000     
  0.23990000000000000     
  0.26590000000000003     
  0.29909999999999998     
  0.33229999999999998     
  0.44990000000000002     
  0.49840000000000001     
  0.53169999999999995     
  0.56499999999999995     
  0.63139999999999996     
  0.73119999999999996     
  0.80000000000000004     
  0.99700000000000000     
   1.1962999999999999     
   1.3994000000000000     
   1.6609000000000000     
   1.9920000000000000     
   2.3963999999999999     
   2.6549000000000000     
   2.9864000000000002     
   3.3201999999999998     
   3.6526999999999998     
   3.9853000000000001     
   4.4964000000000004     
   4.9813000000000001     
   5.3136999999999999     
   6.3071999999999999     
   7.2998000000000003     
   7.6330000000000000     
   7.9886999999999997     
