   37.036999999999999     
   32.258099999999999     
   28.571400000000001     
   26.315799999999999     
   23.809500000000000     
   21.739100000000001     
   20.408200000000001     
   19.230799999999999     
   18.181799999999999     
   17.543900000000001     
   16.666699999999999     
   15.625000000000000     
   14.925400000000000     
   14.285700000000000     
   13.513500000000001     
   12.820499999999999     
   12.048200000000000     
   11.236000000000001     
   10.752700000000001     
   10.309300000000000     
   9.9009999999999998     
   9.6153999999999993     
   9.3458000000000006     
   9.0908999999999995     
   8.8496000000000006     
   8.6206999999999994     
   8.3332999999999995     
   8.0645000000000007     
   7.5187999999999997     
   6.8493000000000004     
   6.3291000000000004     
   6.0975999999999999     
   5.7470999999999997     
   5.2355999999999998     
   4.7393000000000001     
   4.2373000000000003     
   3.8759999999999999     
   3.6232000000000002     
   3.4483000000000001     
   3.2894999999999999     
   3.0960000000000001     
   2.7248000000000001     
   2.2222000000000000     
   1.8656999999999999     
   1.6154999999999999     
   1.3643000000000001     
   1.1111000000000000     
  0.94699999999999995     
  0.84750000000000003     
  0.77520000000000000     
  0.72460000000000002     
  0.67569999999999997     
  0.62500000000000000     
  0.55000000000000004     
  0.52359999999999995     
  0.47389999999999999     
  0.42370000000000002     
  0.37309999999999999     
  0.32260000000000000     
  0.27250000000000002     
  0.20000000000000001     
