  0.50000000000000000     
  0.82120000000000004     
  0.67320000000000002     
  0.19050000000000000     
  0.24379999999999999     
  0.50000000000000000     
  0.97080000000000000     
   1.0760000000000001     
  0.77449999999999997     
  0.47330000000000000     
  0.14460000000000001     
   3.0030000000000001E-002
  0.50000000000000000     
   1.0049999999999999     
   1.1679999999999999     
  0.98640000000000005     
  0.78400000000000003     
  0.49340000000000001     
  0.26560000000000000     
   7.0809999999999998E-002
  -3.6850000000000001E-002
  0.50000000000000000     
  0.98829999999999996     
   1.1230000000000000     
  0.93669999999999998     
  0.76629999999999998     
  0.57469999999999999     
  0.44569999999999999     
  0.33529999999999999     
  0.26610000000000000     
  0.20090000000000000     
  0.16439999999999999     
  0.11500000000000000     
   8.7859999999999994E-002
   4.2349999999999999E-002
   2.4440000000000000E-002
  -2.1259999999999999E-003
  -3.2100000000000002E-003
