  9.800000000000000E-003
  3.350000000000000E-002
  6.650000000000000E-002
  0.139900000000000     
  0.166100000000000     
  0.199300000000000     
  0.216000000000000     
  0.239900000000000     
  0.265900000000000     
  0.299100000000000     
  0.332300000000000     
  0.449900000000000     
  0.498400000000000     
  0.531700000000000     
  0.565000000000000     
  0.631400000000000     
  0.731200000000000     
  0.800000000000000     
  0.997000000000000     
   1.19630000000000     
   1.39940000000000     
   1.66090000000000     
   1.99200000000000     
   2.39640000000000     
   2.65490000000000     
   2.98640000000000     
   3.32020000000000     
   3.65270000000000     
   3.98530000000000     
   4.49640000000000     
   4.98130000000000     
   5.31370000000000     
   6.30720000000000     
   7.29980000000000     
   7.63300000000000     
   7.98870000000000     
