  0.198500000000000       0.223600000000000       0.244400000000000     
  0.257400000000000       0.264000000000000       0.273500000000000     
  0.278800000000000       0.288300000000000       0.291900000000000     
  0.286000000000000       0.290900000000000       0.309400000000000     
  0.323500000000000       0.338300000000000       0.352700000000000     
  0.359000000000000       0.368800000000000       0.385400000000000     
  0.390800000000000       0.375100000000000       0.331600000000000     
  0.309100000000000       0.354500000000000       0.404000000000000     
  0.437800000000000       0.444700000000000       0.459200000000000     
  0.480300000000000       0.497500000000000       0.511800000000000     
  0.531500000000000       0.537700000000000       0.546900000000000     
  0.559400000000000       0.570300000000000       0.583600000000000     
  0.595600000000000       0.602900000000000       0.607300000000000     
  0.613000000000000       0.618700000000000       0.628400000000000     
  0.639300000000000       0.646700000000000       0.653100000000000     
  0.658900000000000       0.664000000000000       0.666900000000000     
  0.668700000000000       0.670100000000000       0.671200000000000     
  0.672500000000000       0.674200000000000       0.677500000000000     
  0.679600000000000       0.683600000000000       0.689400000000000     
  0.698300000000000       0.711000000000000       0.726900000000000     
  0.756100000000000       7.021000000000000E-004  9.425000000000000E-004
  1.267000000000000E-003  1.721000000000000E-003  2.157000000000000E-003
  2.171000000000000E-003  2.178000000000000E-003  2.288000000000000E-003
  2.246000000000000E-003  2.107000000000000E-003  2.183000000000000E-003
  2.504000000000000E-003  2.785000000000000E-003  3.162000000000000E-003
  3.958000000000000E-003  4.638000000000000E-003  4.879000000000000E-003
  5.780000000000000E-003  6.536000000000000E-003  8.740000000000000E-003
  1.301000000000000E-002  1.575000000000000E-002  1.330000000000000E-002
  9.984000000000000E-003  7.863000000000000E-003  6.790000000000000E-003
  7.103000000000000E-003  7.835999999999999E-003  9.884000000000000E-003
  1.246000000000000E-002  1.440000000000000E-002  1.555000000000000E-002
  1.758000000000000E-002  2.125000000000000E-002  2.594000000000000E-002
  3.203000000000000E-002  3.748000000000000E-002  4.223000000000000E-002
  4.607000000000000E-002  4.982000000000000E-002  5.518000000000000E-002
  6.781000000000000E-002  9.229000000000000E-002  0.117700000000000     
  0.141300000000000       0.172400000000000       0.214300000000000     
  0.249600000000000       0.275000000000000       0.295900000000000     
  0.311800000000000       0.328400000000000       0.346900000000000     
  0.377100000000000       0.388600000000000       0.411600000000000     
  0.436800000000000       0.464400000000000       0.494400000000000     
  0.527000000000000       0.579000000000000       2.360000000000000E-003
  3.173000000000000E-003  4.276000000000000E-003  5.839000000000000E-003
  7.349000000000000E-003  7.370000000000000E-003  7.370000000000000E-003
  7.733000000000000E-003  7.557000000000000E-003  7.053000000000000E-003
  7.289000000000000E-003  8.358000000000001E-003  9.299000000000000E-003
  1.058000000000000E-002  1.333000000000000E-002  1.570000000000000E-002
  1.642000000000000E-002  1.953000000000000E-002  2.218000000000000E-002
  3.067000000000000E-002  5.040000000000000E-002  6.303000000000000E-002
  5.034000000000000E-002  3.446000000000000E-002  2.597000000000000E-002
  2.197000000000000E-002  2.289000000000000E-002  2.529000000000000E-002
  3.204000000000000E-002  4.032000000000000E-002  4.616000000000000E-002
  4.968000000000000E-002  5.578000000000000E-002  6.655999999999999E-002
  7.957000000000000E-002  9.506000000000001E-002  0.108000000000000     
  0.118900000000000       0.127400000000000       0.135300000000000     
  0.146300000000000       0.170800000000000       0.213600000000000     
  0.252800000000000       0.286100000000000       0.326100000000000     
  0.374700000000000       0.411900000000000       0.436800000000000     
  0.456300000000000       0.470600000000000       0.485000000000000     
  0.500500000000000       0.524600000000000       0.533500000000000     
  0.550600000000000       0.568600000000000       0.587500000000000     
  0.607200000000000       0.627300000000000       0.656300000000000     
  6.572000000000000E-003  8.846000000000000E-003  1.195000000000000E-002
  1.642000000000000E-002  2.077000000000000E-002  2.071000000000000E-002
  2.063000000000000E-002  2.160000000000000E-002  2.101000000000000E-002
  1.953000000000000E-002  2.015000000000000E-002  2.309000000000000E-002
  2.569000000000000E-002  2.925000000000000E-002  3.706000000000000E-002
  4.383000000000000E-002  4.561000000000000E-002  5.435000000000000E-002
  6.198000000000000E-002  8.959000000000000E-002  0.152900000000000     
  0.169300000000000       0.149500000000000       9.820000000000000E-002
  7.094000000000000E-002  5.957000000000000E-002  6.197000000000000E-002
  6.834000000000000E-002  8.631000000000000E-002  0.108000000000000     
  0.122500000000000       0.131200000000000       0.145800000000000     
  0.169700000000000       0.195500000000000       0.223800000000000     
  0.246200000000000       0.263600000000000       0.276400000000000     
  0.288100000000000       0.303500000000000       0.335900000000000     
  0.386200000000000       0.426700000000000       0.458400000000000     
  0.493300000000000       0.531900000000000       0.558800000000000     
  0.575700000000000       0.588200000000000       0.597000000000000     
  0.605700000000000       0.614600000000000       0.627900000000000     
  0.632700000000000       0.641400000000000       0.650300000000000     
  0.659500000000000       0.668900000000000       0.678100000000000     
  0.690300000000000       8.668000000000000E-003  1.168000000000000E-002
  1.581000000000000E-002  2.183000000000000E-002  2.771000000000000E-002
  2.753000000000000E-002  2.734000000000000E-002  2.859000000000000E-002
  2.771000000000000E-002  2.568000000000000E-002  2.645000000000000E-002
  3.030000000000000E-002  3.371000000000000E-002  3.842000000000000E-002
  4.890000000000000E-002  5.806000000000000E-002  6.012000000000000E-002
  7.181999999999999E-002  8.221000000000001E-002  0.122800000000000     
  0.184100000000000       0.194600000000000       0.182200000000000     
  0.130200000000000       9.208000000000000E-002  7.671000000000000E-002
  7.965999999999999E-002  8.780000000000000E-002  0.110700000000000     
  0.137800000000000       0.154900000000000       0.164800000000000     
  0.181100000000000       0.206700000000000       0.234300000000000     
  0.264800000000000       0.287800000000000       0.305400000000000     
  0.318400000000000       0.330300000000000       0.345600000000000     
  0.377600000000000       0.426100000000000       0.464300000000000     
  0.493900000000000       0.525900000000000       0.560700000000000     
  0.584300000000000       0.599000000000000       0.609700000000000     
  0.617100000000000       0.624400000000000       0.631800000000000     
  0.642600000000000       0.646600000000000       0.653600000000000     
  0.660700000000000       0.668100000000000       0.675900000000000     
  0.683500000000000       0.694400000000000       1.258000000000000E-002
  1.700000000000000E-002  2.314000000000000E-002  3.234000000000000E-002
  4.146000000000000E-002  4.081000000000000E-002  4.024000000000000E-002
  4.194000000000000E-002  4.028000000000000E-002  3.698000000000000E-002
  3.793000000000000E-002  4.343000000000000E-002  4.833000000000000E-002
  5.520000000000000E-002  7.108000000000000E-002  8.510000000000000E-002
  8.692999999999999E-002  0.104500000000000       0.120500000000000     
  0.173000000000000       0.214000000000000       0.220700000000000     
  0.214800000000000       0.173700000000000       0.127100000000000     
  0.104600000000000       0.108200000000000       0.119100000000000     
  0.149100000000000       0.180900000000000       0.199200000000000     
  0.209500000000000       0.226400000000000       0.253400000000000     
  0.282000000000000       0.311900000000000       0.334900000000000     
  0.352000000000000       0.364500000000000       0.376100000000000     
  0.390600000000000       0.421100000000000       0.466300000000000     
  0.501400000000000       0.528400000000000       0.557100000000000     
  0.587500000000000       0.607600000000000       0.619900000000000     
  0.628700000000000       0.634700000000000       0.640500000000000     
  0.646400000000000       0.654800000000000       0.657900000000000     
  0.663300000000000       0.668800000000000       0.674600000000000     
  0.681100000000000       0.687900000000000       0.698800000000000     
  1.715000000000000E-002  2.330000000000000E-002  3.204000000000000E-002
  4.586000000000000E-002  6.008000000000000E-002  5.791000000000000E-002
  5.625000000000000E-002  5.821000000000000E-002  5.489000000000000E-002
  4.956000000000000E-002  5.040000000000000E-002  5.761000000000000E-002
  6.408000000000000E-002  7.342000000000000E-002  9.623000000000000E-002
  0.115200000000000       0.114600000000000       0.136300000000000     
  0.153000000000000       0.194300000000000       0.227800000000000     
  0.231100000000000       0.229900000000000       0.195400000000000     
  0.153100000000000       0.126700000000000       0.130700000000000     
  0.143400000000000       0.175800000000000       0.207000000000000     
  0.225400000000000       0.235600000000000       0.252300000000000     
  0.278300000000000       0.305600000000000       0.334500000000000     
  0.356500000000000       0.373000000000000       0.385000000000000     
  0.396200000000000       0.410100000000000       0.439500000000000     
  0.483100000000000       0.516700000000000       0.542500000000000     
  0.569600000000000       0.598000000000000       0.616600000000000     
  0.627800000000000       0.635800000000000       0.641300000000000     
  0.646500000000000       0.651700000000000       0.659200000000000     
  0.661900000000000       0.666600000000000       0.671500000000000     
  0.676800000000000       0.682900000000000       0.689500000000000     
  0.701000000000000       2.309000000000000E-002  3.163000000000000E-002
  4.413000000000000E-002  6.566000000000000E-002  8.839000000000000E-002
  8.187999999999999E-002  7.775000000000000E-002  7.964000000000000E-002
  7.339000000000000E-002  6.493000000000000E-002  6.540000000000000E-002
  7.451000000000001E-002  8.273000000000000E-002  9.490999999999999E-002
  0.123800000000000       0.141800000000000       0.139900000000000     
  0.161400000000000       0.177200000000000       0.215900000000000     
  0.242100000000000       0.242900000000000       0.245700000000000     
  0.217400000000000       0.177400000000000       0.149700000000000     
  0.154200000000000       0.168400000000000       0.202500000000000     
  0.234400000000000       0.253300000000000       0.263400000000000     
  0.280100000000000       0.305900000000000       0.332600000000000     
  0.360800000000000       0.382500000000000       0.398500000000000     
  0.410000000000000       0.421000000000000       0.434500000000000     
  0.462700000000000       0.504200000000000       0.535800000000000     
  0.559800000000000       0.584800000000000       0.610600000000000     
  0.627200000000000       0.637100000000000       0.644100000000000     
  0.648800000000000       0.653300000000000       0.657700000000000     
  0.663900000000000       0.666300000000000       0.670200000000000     
  0.674300000000000       0.679000000000000       0.684900000000000     
  0.691600000000000       0.704400000000000       2.874000000000000E-002
  3.962000000000000E-002  5.601000000000000E-002  8.618000000000001E-002
  0.113400000000000       0.103200000000000       9.712999999999999E-002
  9.889000000000001E-002  9.017000000000000E-002  7.880000000000000E-002
  7.886000000000000E-002  8.956000000000000E-002  9.921000000000001E-002
  0.113500000000000       0.144100000000000       0.161500000000000     
  0.159500000000000       0.182200000000000       0.198600000000000     
  0.234200000000000       0.255000000000000       0.253300000000000     
  0.260100000000000       0.236800000000000       0.199200000000000     
  0.170300000000000       0.175300000000000       0.190900000000000     
  0.226800000000000       0.259300000000000       0.279000000000000     
  0.289200000000000       0.306000000000000       0.331800000000000     
  0.358000000000000       0.385800000000000       0.407100000000000     
  0.422700000000000       0.433900000000000       0.444500000000000     
  0.457600000000000       0.484600000000000       0.523800000000000     
  0.553100000000000       0.575400000000000       0.598400000000000     
  0.621700000000000       0.636400000000000       0.645100000000000     
  0.651100000000000       0.655100000000000       0.658900000000000     
  0.662500000000000       0.667700000000000       0.669700000000000     
  0.672900000000000       0.676500000000000       0.680800000000000     
  0.686600000000000       0.693700000000000       0.708500000000000     
  3.698000000000000E-002  5.148000000000000E-002  7.418000000000000E-002
  0.115100000000000       0.136700000000000       0.126600000000000     
  0.120100000000000       0.122000000000000       0.111900000000000     
  9.723999999999999E-002  9.664000000000000E-002  0.109100000000000     
  0.120200000000000       0.136000000000000       0.167100000000000     
  0.184700000000000       0.182900000000000       0.206700000000000     
  0.222700000000000       0.254600000000000       0.268600000000000     
  0.264000000000000       0.275600000000000       0.258700000000000     
  0.224900000000000       0.195600000000000       0.201300000000000     
  0.218400000000000       0.255700000000000       0.288700000000000     
  0.309000000000000       0.319300000000000       0.336000000000000     
  0.361400000000000       0.387000000000000       0.414000000000000     
  0.434800000000000       0.449800000000000       0.460400000000000     
  0.470700000000000       0.483100000000000       0.508600000000000     
  0.544800000000000       0.571600000000000       0.591800000000000     
  0.612400000000000       0.632900000000000       0.645600000000000     
  0.652800000000000       0.657800000000000       0.661000000000000     
  0.664100000000000       0.667000000000000       0.671000000000000     
  0.672600000000000       0.675200000000000       0.678300000000000     
  0.682500000000000       0.688600000000000       0.696500000000000     
  0.714200000000000       4.661000000000000E-002  6.569000000000000E-002
  9.597000000000000E-002  0.137000000000000       0.154100000000000     
  0.145400000000000       0.139400000000000       0.141600000000000     
  0.131900000000000       0.115700000000000       0.114600000000000     
  0.128300000000000       0.140200000000000       0.156800000000000     
  0.188700000000000       0.205900000000000       0.204300000000000     
  0.228400000000000       0.243900000000000       0.272000000000000     
  0.279600000000000       0.272300000000000       0.288400000000000     
  0.278000000000000       0.248700000000000       0.219900000000000     
  0.226300000000000       0.244700000000000       0.282700000000000     
  0.315400000000000       0.336300000000000       0.346500000000000     
  0.363000000000000       0.387800000000000       0.412500000000000     
  0.438600000000000       0.458800000000000       0.473200000000000     
  0.483200000000000       0.493200000000000       0.504900000000000     
  0.528800000000000       0.562300000000000       0.586700000000000     
  0.605100000000000       0.623600000000000       0.641600000000000     
  0.652500000000000       0.658600000000000       0.662700000000000     
  0.665300000000000       0.667700000000000       0.670000000000000     
  0.673100000000000       0.674500000000000       0.676700000000000     
  0.679600000000000       0.683900000000000       0.690500000000000     
  0.699700000000000       0.720500000000000       8.137000000000000E-002
  0.116800000000000       0.154000000000000       0.185800000000000     
  0.200500000000000       0.195300000000000       0.191200000000000     
  0.195200000000000       0.186800000000000       0.169500000000000     
  0.168400000000000       0.185200000000000       0.199400000000000     
  0.218400000000000       0.250200000000000       0.265000000000000     
  0.265900000000000       0.289900000000000       0.303300000000000     
  0.317800000000000       0.305400000000000       0.290900000000000     
  0.319900000000000       0.330900000000000       0.319200000000000     
  0.295400000000000       0.304100000000000       0.325500000000000     
  0.362900000000000       0.393000000000000       0.414800000000000     
  0.424300000000000       0.439400000000000       0.461300000000000     
  0.482300000000000       0.504800000000000       0.522800000000000     
  0.534900000000000       0.543100000000000       0.551700000000000     
  0.561400000000000       0.580300000000000       0.605300000000000     
  0.622900000000000       0.636200000000000       0.648900000000000     
  0.660300000000000       0.666500000000000       0.669700000000000     
  0.671600000000000       0.672800000000000       0.673900000000000     
  0.674900000000000       0.676500000000000       0.677700000000000     
  0.679700000000000       0.683100000000000       0.689200000000000     
  0.699200000000000       0.713500000000000       0.744500000000000     
  0.111800000000000       0.146400000000000       0.174700000000000     
  0.203000000000000       0.215700000000000       0.213100000000000     
  0.210700000000000       0.215800000000000       0.209600000000000     
  0.193400000000000       0.192900000000000       0.210300000000000     
  0.224900000000000       0.243500000000000       0.272200000000000     
  0.285300000000000       0.287700000000000       0.310700000000000     
  0.322800000000000       0.331800000000000       0.312500000000000     
  0.295900000000000       0.328900000000000       0.347900000000000     
  0.344300000000000       0.325200000000000       0.335100000000000     
  0.357000000000000       0.391800000000000       0.419400000000000     
  0.441200000000000       0.450300000000000       0.464400000000000     
  0.484900000000000       0.504300000000000       0.525300000000000     
  0.542300000000000       0.553600000000000       0.561200000000000     
  0.569200000000000       0.578200000000000       0.595300000000000     
  0.617400000000000       0.632700000000000       0.644300000000000     
  0.655200000000000       0.664700000000000       0.669500000000000     
  0.671800000000000       0.673300000000000       0.674100000000000     
  0.674900000000000       0.675700000000000       0.677200000000000     
  0.678500000000000       0.680800000000000       0.684900000000000     
  0.692000000000000       0.703700000000000       0.720100000000000     
  0.754400000000000       0.131700000000000       0.160400000000000     
  0.187200000000000       0.212800000000000       0.224400000000000     
  0.223400000000000       0.222200000000000       0.227900000000000     
  0.223300000000000       0.208700000000000       0.208800000000000     
  0.226400000000000       0.240900000000000       0.259000000000000     
  0.285600000000000       0.297700000000000       0.301200000000000     
  0.323500000000000       0.334700000000000       0.340100000000000     
  0.316600000000000       0.298700000000000       0.334200000000000     
  0.358300000000000       0.360100000000000       0.344500000000000     
  0.355100000000000       0.377300000000000       0.410000000000000     
  0.435900000000000       0.457600000000000       0.466300000000000     
  0.479900000000000       0.499400000000000       0.517700000000000     
  0.537700000000000       0.554100000000000       0.564800000000000     
  0.571900000000000       0.579600000000000       0.588100000000000     
  0.604100000000000       0.624400000000000       0.638300000000000     
  0.648900000000000       0.658700000000000       0.666900000000000     
  0.671000000000000       0.672900000000000       0.674000000000000     
  0.674700000000000       0.675400000000000       0.676100000000000     
  0.677700000000000       0.679100000000000       0.681700000000000     
  0.686200000000000       0.694200000000000       0.707100000000000     
  0.724800000000000       0.760900000000000       0.145100000000000     
  0.172500000000000       0.198100000000000       0.221400000000000     
  0.232200000000000       0.232800000000000       0.232500000000000     
  0.238900000000000       0.235600000000000       0.222400000000000     
  0.223300000000000       0.241100000000000       0.255700000000000     
  0.273300000000000       0.298000000000000       0.309200000000000     
  0.313700000000000       0.335300000000000       0.345700000000000     
  0.347700000000000       0.320200000000000       0.301200000000000     
  0.338900000000000       0.367800000000000       0.374800000000000     
  0.362700000000000       0.374100000000000       0.396300000000000     
  0.426800000000000       0.451000000000000       0.472700000000000     
  0.481100000000000       0.494100000000000       0.512600000000000     
  0.529800000000000       0.548900000000000       0.564600000000000     
  0.574800000000000       0.581500000000000       0.589000000000000     
  0.597000000000000       0.612000000000000       0.630600000000000     
  0.643200000000000       0.652800000000000       0.661600000000000     
  0.668800000000000       0.672200000000000       0.673700000000000     
  0.674600000000000       0.675200000000000       0.675800000000000     
  0.676500000000000       0.678200000000000       0.679700000000000     
  0.682700000000000       0.687800000000000       0.696600000000000     
  0.710600000000000       0.729600000000000       0.767300000000000     
  0.164800000000000       0.192200000000000       0.216100000000000     
  0.236100000000000       0.245500000000000       0.249100000000000     
  0.250800000000000       0.258400000000000       0.257400000000000     
  0.246300000000000       0.248400000000000       0.266900000000000     
  0.281500000000000       0.298600000000000       0.320200000000000     
  0.329800000000000       0.336400000000000       0.356500000000000     
  0.365300000000000       0.360600000000000       0.326100000000000     
  0.305400000000000       0.346900000000000       0.384600000000000     
  0.401600000000000       0.395800000000000       0.408300000000000     
  0.430500000000000       0.457200000000000       0.478300000000000     
  0.499700000000000       0.507500000000000       0.519300000000000     
  0.536000000000000       0.551100000000000       0.568300000000000     
  0.582900000000000       0.592100000000000       0.598100000000000     
  0.604900000000000       0.612300000000000       0.625300000000000     
  0.640700000000000       0.651000000000000       0.659100000000000     
  0.666100000000000       0.671500000000000       0.673800000000000     
  0.674700000000000       0.675400000000000       0.675800000000000     
  0.676400000000000       0.677300000000000       0.679500000000000     
  0.681400000000000       0.685200000000000       0.691400000000000     
  0.701900000000000       0.718000000000000       0.739200000000000     
  0.779400000000000       0.191400000000000       0.217200000000000     
  0.238800000000000       0.254000000000000       0.261500000000000     
  0.269700000000000       0.274300000000000       0.283500000000000     
  0.286000000000000       0.278700000000000       0.283000000000000     
  0.301900000000000       0.316500000000000       0.332200000000000     
  0.348800000000000       0.356300000000000       0.365800000000000     
  0.383500000000000       0.389800000000000       0.376300000000000     
  0.333200000000000       0.310400000000000       0.356500000000000     
  0.405500000000000       0.436600000000000       0.440700000000000     
  0.454800000000000       0.476500000000000       0.496700000000000     
  0.513100000000000       0.533800000000000       0.540700000000000     
  0.550800000000000       0.564700000000000       0.577000000000000     
  0.591600000000000       0.604700000000000       0.612700000000000     
  0.617600000000000       0.623800000000000       0.630100000000000     
  0.640600000000000       0.652100000000000       0.659500000000000     
  0.665500000000000       0.670500000000000       0.673900000000000     
  0.675200000000000       0.675700000000000       0.676300000000000     
  0.676800000000000       0.677600000000000       0.678900000000000     
  0.682200000000000       0.684700000000000       0.689800000000000     
  0.697900000000000       0.710700000000000       0.729500000000000     
  0.753200000000000       0.795600000000000       0.206900000000000     
  0.231900000000000       0.252200000000000       0.264000000000000     
  0.270300000000000       0.281700000000000       0.288300000000000     
  0.298500000000000       0.303500000000000       0.298900000000000     
  0.304800000000000       0.323800000000000       0.338200000000000     
  0.352800000000000       0.365900000000000       0.371900000000000     
  0.383500000000000       0.399400000000000       0.404100000000000     
  0.385100000000000       0.337100000000000       0.313300000000000     
  0.362000000000000       0.417700000000000       0.457700000000000     
  0.468600000000000       0.483700000000000       0.504700000000000     
  0.520300000000000       0.533500000000000       0.553800000000000     
  0.560000000000000       0.569000000000000       0.581100000000000     
  0.591600000000000       0.604700000000000       0.616800000000000     
  0.624000000000000       0.628400000000000       0.634100000000000     
  0.639900000000000       0.648900000000000       0.658000000000000     
  0.663700000000000       0.668600000000000       0.672500000000000     
  0.674900000000000       0.675800000000000       0.676200000000000     
  0.676900000000000       0.677600000000000       0.678600000000000     
  0.680500000000000       0.684600000000000       0.687500000000000     
  0.693600000000000       0.702800000000000       0.717100000000000     
  0.737300000000000       0.762400000000000       0.805500000000000     
  0.242900000000000       0.265800000000000       0.282100000000000     
  0.285200000000000       0.289100000000000       0.308700000000000     
  0.320600000000000       0.333700000000000       0.345300000000000     
  0.348500000000000       0.358700000000000       0.377800000000000     
  0.391200000000000       0.402400000000000       0.405900000000000     
  0.408100000000000       0.425100000000000       0.436000000000000     
  0.436300000000000       0.404400000000000       0.346200000000000     
  0.320800000000000       0.374300000000000       0.445400000000000     
  0.507600000000000       0.536500000000000       0.553900000000000     
  0.572300000000000       0.575500000000000       0.580300000000000     
  0.598900000000000       0.603600000000000       0.609600000000000     
  0.617300000000000       0.623200000000000       0.632400000000000     
  0.642300000000000       0.647800000000000       0.650800000000000     
  0.655500000000000       0.660100000000000       0.665600000000000     
  0.669200000000000       0.671200000000000       0.673700000000000     
  0.675500000000000       0.676400000000000       0.677300000000000     
  0.678100000000000       0.679800000000000       0.681200000000000     
  0.683400000000000       0.686600000000000       0.693400000000000     
  0.697500000000000       0.706000000000000       0.717900000000000     
  0.735300000000000       0.758500000000000       0.785700000000000     
  0.828800000000000       0.270800000000000       0.291500000000000     
  0.304200000000000       0.299900000000000       0.302000000000000     
  0.328700000000000       0.345400000000000       0.360800000000000     
  0.378500000000000       0.389600000000000       0.403900000000000     
  0.422400000000000       0.434500000000000       0.442000000000000     
  0.436500000000000       0.435700000000000       0.457500000000000     
  0.463500000000000       0.460100000000000       0.418300000000000     
  0.353600000000000       0.328000000000000       0.384200000000000     
  0.466400000000000       0.546600000000000       0.591600000000000     
  0.610400000000000       0.625700000000000       0.617500000000000     
  0.615000000000000       0.632000000000000       0.635300000000000     
  0.638800000000000       0.642700000000000       0.644900000000000     
  0.651100000000000       0.659100000000000       0.663300000000000     
  0.665300000000000       0.669300000000000       0.673100000000000     
  0.675900000000000       0.675300000000000       0.674900000000000     
  0.676000000000000       0.676800000000000       0.677900000000000     
  0.679700000000000       0.681600000000000       0.684500000000000     
  0.687000000000000       0.690200000000000       0.694900000000000     
  0.703900000000000       0.708900000000000       0.719300000000000     
  0.733000000000000       0.752200000000000       0.777000000000000     
  0.804900000000000       0.846800000000000       0.293100000000000     
  0.311500000000000       0.321100000000000       0.310600000000000     
  0.311700000000000       0.344500000000000       0.365400000000000     
  0.382800000000000       0.405900000000000       0.424300000000000     
  0.442600000000000       0.460200000000000       0.470700000000000     
  0.474600000000000       0.460900000000000       0.457700000000000     
  0.483700000000000       0.485200000000000       0.478600000000000     
  0.429100000000000       0.360700000000000       0.335500000000000     
  0.392900000000000       0.483100000000000       0.578000000000000     
  0.637000000000000       0.657000000000000       0.669000000000000     
  0.650700000000000       0.641700000000000       0.657200000000000     
  0.659400000000000       0.660800000000000       0.661500000000000     
  0.660500000000000       0.664100000000000       0.670700000000000     
  0.673900000000000       0.675100000000000       0.678600000000000     
  0.681900000000000       0.682700000000000       0.678900000000000     
  0.676800000000000       0.677200000000000       0.678000000000000     
  0.680100000000000       0.683500000000000       0.686600000000000     
  0.690800000000000       0.694300000000000       0.698500000000000     
  0.704300000000000       0.714900000000000       0.720700000000000     
  0.732200000000000       0.747000000000000       0.767300000000000     
  0.792900000000000       0.820800000000000       0.861000000000000     
  0.315600000000000       0.331500000000000       0.337700000000000     
  0.320900000000000       0.321200000000000       0.360600000000000     
  0.385900000000000       0.405200000000000       0.434200000000000     
  0.461200000000000       0.484000000000000       0.500100000000000     
  0.508600000000000       0.508200000000000       0.485500000000000     
  0.479900000000000       0.510500000000000       0.506800000000000     
  0.496700000000000       0.440100000000000       0.369700000000000     
  0.346000000000000       0.403400000000000       0.500400000000000     
  0.609900000000000       0.683900000000000       0.704700000000000     
  0.712700000000000       0.683300000000000       0.667600000000000     
  0.681300000000000       0.682300000000000       0.681300000000000     
  0.678600000000000       0.674400000000000       0.675300000000000     
  0.680500000000000       0.682700000000000       0.683300000000000     
  0.686300000000000       0.689200000000000       0.688100000000000     
  0.681400000000000       0.678200000000000       0.678600000000000     
  0.680200000000000       0.684300000000000       0.690000000000000     
  0.694600000000000       0.700100000000000       0.704600000000000     
  0.709800000000000       0.716600000000000       0.728400000000000     
  0.734700000000000       0.747000000000000       0.762500000000000     
  0.783500000000000       0.809600000000000       0.837100000000000     
  0.875200000000000       0.336900000000000       0.350200000000000     
  0.353400000000000       0.330500000000000       0.330600000000000     
  0.376500000000000       0.406300000000000       0.427500000000000     
  0.462400000000000       0.498600000000000       0.526200000000000     
  0.540300000000000       0.546300000000000       0.541200000000000     
  0.509200000000000       0.501600000000000       0.536900000000000     
  0.527500000000000       0.514000000000000       0.451400000000000     
  0.381700000000000       0.360700000000000       0.416400000000000     
  0.518000000000000       0.640800000000000       0.729300000000000     
  0.750600000000000       0.754200000000000       0.713800000000000     
  0.691400000000000       0.703000000000000       0.702800000000000     
  0.699500000000000       0.693300000000000       0.685800000000000     
  0.684100000000000       0.687900000000000       0.689400000000000     
  0.689500000000000       0.692100000000000       0.695000000000000     
  0.692300000000000       0.683200000000000       0.680000000000000     
  0.681000000000000       0.684400000000000       0.691500000000000     
  0.699700000000000       0.705700000000000       0.712500000000000     
  0.717700000000000       0.723500000000000       0.730900000000000     
  0.743500000000000       0.750100000000000       0.762800000000000     
  0.778600000000000       0.800100000000000       0.826300000000000     
  0.853200000000000       0.888800000000000       0.356600000000000     
  0.367300000000000       0.367700000000000       0.339700000000000     
  0.340100000000000       0.392000000000000       0.426000000000000     
  0.448700000000000       0.489000000000000       0.534300000000000     
  0.566600000000000       0.578400000000000       0.581700000000000     
  0.571700000000000       0.531000000000000       0.521900000000000     
  0.561600000000000       0.546500000000000       0.529600000000000     
  0.463300000000000       0.397500000000000       0.380300000000000     
  0.432600000000000       0.535600000000000       0.669100000000000     
  0.770700000000000       0.792100000000000       0.791100000000000     
  0.740500000000000       0.711700000000000       0.721200000000000     
  0.719900000000000       0.714400000000000       0.704800000000000     
  0.694200000000000       0.690100000000000       0.692900000000000     
  0.693900000000000       0.693700000000000       0.696200000000000     
  0.699500000000000       0.695700000000000       0.685400000000000     
  0.683100000000000       0.685600000000000       0.691500000000000     
  0.701800000000000       0.712100000000000       0.719100000000000     
  0.726600000000000       0.732200000000000       0.738300000000000     
  0.745900000000000       0.758600000000000       0.765400000000000     
  0.778100000000000       0.794200000000000       0.815900000000000     
  0.842200000000000       0.868200000000000       0.900900000000000     
  0.366500000000000       0.376000000000000       0.375200000000000     
  0.344800000000000       0.345600000000000       0.400600000000000     
  0.436500000000000       0.460000000000000       0.503000000000000     
  0.553100000000000       0.587800000000000       0.598200000000000     
  0.600000000000000       0.587200000000000       0.542100000000000     
  0.532500000000000       0.574400000000000       0.556200000000000     
  0.537600000000000       0.470300000000000       0.408100000000000     
  0.393700000000000       0.443300000000000       0.545400000000000     
  0.683500000000000       0.791300000000000       0.812700000000000     
  0.809200000000000       0.753500000000000       0.721400000000000     
  0.729700000000000       0.727900000000000       0.721200000000000     
  0.709900000000000       0.697600000000000       0.692300000000000     
  0.694700000000000       0.695700000000000       0.695400000000000     
  0.697900000000000       0.701600000000000       0.697600000000000     
  0.687100000000000       0.685700000000000       0.689300000000000     
  0.696700000000000       0.708700000000000       0.719800000000000     
  0.727000000000000       0.734800000000000       0.740400000000000     
  0.746500000000000       0.754000000000000       0.766600000000000     
  0.773500000000000       0.786200000000000       0.802400000000000     
  0.824200000000000       0.850500000000000       0.876000000000000     
  0.907000000000000       0.377200000000000       0.385300000000000     
  0.383500000000000       0.350800000000000       0.352400000000000     
  0.410500000000000       0.448600000000000       0.472600000000000     
  0.518300000000000       0.573600000000000       0.610900000000000     
  0.619600000000000       0.619700000000000       0.603900000000000     
  0.554100000000000       0.544300000000000       0.588500000000000     
  0.566700000000000       0.546300000000000       0.478900000000000     
  0.422400000000000       0.411300000000000       0.457400000000000     
  0.557100000000000       0.699000000000000       0.813000000000000     
  0.834200000000000       0.828100000000000       0.766900000000000     
  0.731400000000000       0.738300000000000       0.735900000000000     
  0.727900000000000       0.714600000000000       0.700700000000000     
  0.694200000000000       0.696200000000000       0.697300000000000     
  0.697100000000000       0.699800000000000       0.704100000000000     
  0.700100000000000       0.689800000000000       0.689900000000000     
  0.694800000000000       0.703900000000000       0.717300000000000     
  0.729000000000000       0.736400000000000       0.744100000000000     
  0.749700000000000       0.755600000000000       0.763000000000000     
  0.775400000000000       0.782400000000000       0.795100000000000     
  0.811400000000000       0.833400000000000       0.859600000000000     
  0.884300000000000       0.913300000000000       0.386300000000000     
  0.393400000000000       0.390800000000000       0.356500000000000     
  0.359100000000000       0.419700000000000       0.459300000000000     
  0.483700000000000       0.531500000000000       0.591100000000000     
  0.630500000000000       0.637700000000000       0.636100000000000     
  0.617800000000000       0.564200000000000       0.554500000000000     
  0.600600000000000       0.575700000000000       0.553900000000000     
  0.487500000000000       0.437200000000000       0.429300000000000     
  0.471700000000000       0.567900000000000       0.711900000000000     
  0.830700000000000       0.851600000000000       0.843200000000000     
  0.777700000000000       0.739200000000000       0.744900000000000     
  0.742000000000000       0.732900000000000       0.718100000000000     
  0.702700000000000       0.695300000000000       0.697200000000000     
  0.698500000000000       0.698600000000000       0.701500000000000     
  0.706600000000000       0.702900000000000       0.693100000000000     
  0.694600000000000       0.700700000000000       0.711200000000000     
  0.725600000000000       0.737500000000000       0.744700000000000     
  0.752300000000000       0.757800000000000       0.763500000000000     
  0.770800000000000       0.783000000000000       0.790100000000000     
  0.802700000000000       0.819200000000000       0.841300000000000     
  0.867300000000000       0.891400000000000       0.918400000000000     
  0.394100000000000       0.400400000000000       0.397300000000000     
  0.362100000000000       0.365700000000000       0.428300000000000     
  0.469100000000000       0.493600000000000       0.543000000000000     
  0.606100000000000       0.647200000000000       0.653000000000000     
  0.650100000000000       0.629600000000000       0.572900000000000     
  0.563500000000000       0.611200000000000       0.583600000000000     
  0.560700000000000       0.496100000000000       0.452300000000000     
  0.447300000000000       0.486300000000000       0.578200000000000     
  0.722900000000000       0.845300000000000       0.865800000000000     
  0.855600000000000       0.786400000000000       0.745500000000000     
  0.750100000000000       0.746800000000000       0.736800000000000     
  0.720600000000000       0.704100000000000       0.696100000000000     
  0.697900000000000       0.699700000000000       0.700100000000000     
  0.703300000000000       0.709200000000000       0.706000000000000     
  0.696900000000000       0.699800000000000       0.706900000000000     
  0.718300000000000       0.733200000000000       0.745000000000000     
  0.752100000000000       0.759500000000000       0.764800000000000     
  0.770400000000000       0.777400000000000       0.789500000000000     
  0.796700000000000       0.809400000000000       0.826000000000000     
  0.848200000000000       0.874100000000000       0.897400000000000     
  0.922600000000000       0.400900000000000       0.406600000000000     
  0.403400000000000       0.367600000000000       0.372400000000000     
  0.436500000000000       0.478200000000000       0.502700000000000     
  0.553100000000000       0.619200000000000       0.661700000000000     
  0.666300000000000       0.662100000000000       0.639600000000000     
  0.580600000000000       0.571700000000000       0.620600000000000     
  0.590700000000000       0.566900000000000       0.504800000000000     
  0.467600000000000       0.465200000000000       0.500800000000000     
  0.588100000000000       0.732400000000000       0.857500000000000     
  0.877600000000000       0.865800000000000       0.793700000000000     
  0.750700000000000       0.754200000000000       0.750700000000000     
  0.739900000000000       0.722500000000000       0.705100000000000     
  0.696700000000000       0.698600000000000       0.700900000000000     
  0.701700000000000       0.705300000000000       0.712100000000000     
  0.709400000000000       0.701100000000000       0.705300000000000     
  0.713000000000000       0.725200000000000       0.740300000000000     
  0.751800000000000       0.758600000000000       0.765800000000000     
  0.770900000000000       0.776400000000000       0.783200000000000     
  0.795200000000000       0.802500000000000       0.815200000000000     
  0.832000000000000       0.854400000000000       0.880000000000000     
  0.902500000000000       0.926100000000000       0.410100000000000     
  0.415200000000000       0.412100000000000       0.376100000000000     
  0.382800000000000       0.448600000000000       0.491200000000000     
  0.515400000000000       0.566800000000000       0.636400000000000     
  0.680500000000000       0.683400000000000       0.677600000000000     
  0.652600000000000       0.590900000000000       0.583200000000000     
  0.633400000000000       0.600400000000000       0.575600000000000     
  0.518300000000000       0.490900000000000       0.491900000000000     
  0.523100000000000       0.602800000000000       0.744900000000000     
  0.872800000000000       0.892200000000000       0.878600000000000     
  0.802600000000000       0.757100000000000       0.759200000000000     
  0.755300000000000       0.743500000000000       0.724700000000000     
  0.706300000000000       0.697500000000000       0.699900000000000     
  0.703000000000000       0.704500000000000       0.708700000000000     
  0.716900000000000       0.715300000000000       0.708100000000000     
  0.713700000000000       0.722300000000000       0.735000000000000     
  0.749900000000000       0.761000000000000       0.767400000000000     
  0.774200000000000       0.779000000000000       0.784300000000000     
  0.790900000000000       0.802700000000000       0.810300000000000     
  0.823000000000000       0.840200000000000       0.862600000000000     
  0.887800000000000       0.909100000000000       0.930400000000000     
  0.417700000000000       0.422500000000000       0.419800000000000     
  0.384400000000000       0.392900000000000       0.459700000000000     
  0.502600000000000       0.526400000000000       0.578200000000000     
  0.650100000000000       0.695400000000000       0.696900000000000     
  0.689700000000000       0.662900000000000       0.599500000000000     
  0.593100000000000       0.644100000000000       0.608700000000000     
  0.583400000000000       0.531400000000000       0.512500000000000     
  0.516000000000000       0.543800000000000       0.616300000000000     
  0.754900000000000       0.884300000000000       0.903200000000000     
  0.888100000000000       0.809300000000000       0.761900000000000     
  0.762800000000000       0.758700000000000       0.746100000000000     
  0.726400000000000       0.707300000000000       0.698500000000000     
  0.701400000000000       0.705500000000000       0.707700000000000     
  0.712500000000000       0.722000000000000       0.721400000000000     
  0.715000000000000       0.721600000000000       0.730600000000000     
  0.743400000000000       0.757900000000000       0.768300000000000     
  0.774400000000000       0.780900000000000       0.785600000000000     
  0.790600000000000       0.797100000000000       0.808900000000000     
  0.816700000000000       0.829500000000000       0.846900000000000     
  0.869400000000000       0.894100000000000       0.914300000000000     
  0.933500000000000       0.422500000000000       0.427200000000000     
  0.425000000000000       0.390100000000000       0.400000000000000     
  0.467200000000000       0.510100000000000       0.533600000000000     
  0.585200000000000       0.658400000000000       0.704300000000000     
  0.704900000000000       0.696900000000000       0.668900000000000     
  0.604800000000000       0.599500000000000       0.650800000000000     
  0.614100000000000       0.588500000000000       0.540400000000000     
  0.526900000000000       0.531700000000000       0.557500000000000     
  0.625300000000000       0.761000000000000       0.891000000000000     
  0.909500000000000       0.893600000000000       0.813100000000000     
  0.764700000000000       0.764800000000000       0.760600000000000     
  0.747700000000000       0.727400000000000       0.708100000000000     
  0.699400000000000       0.702600000000000       0.707400000000000     
  0.710200000000000       0.715300000000000       0.725800000000000     
  0.725800000000000       0.719800000000000       0.726900000000000     
  0.735900000000000       0.748700000000000       0.762800000000000     
  0.772800000000000       0.778700000000000       0.785000000000000     
  0.789500000000000       0.794500000000000       0.800800000000000     
  0.812700000000000       0.820600000000000       0.833500000000000     
  0.851000000000000       0.873500000000000       0.897900000000000     
  0.917300000000000       0.935300000000000       0.435500000000000     
  0.440300000000000       0.440000000000000       0.407900000000000     
  0.421600000000000       0.489000000000000       0.531300000000000     
  0.553400000000000       0.603900000000000       0.679300000000000     
  0.726100000000000       0.724500000000000       0.714600000000000     
  0.684000000000000       0.619200000000000       0.617300000000000     
  0.668900000000000       0.629100000000000       0.603500000000000     
  0.567500000000000       0.567100000000000       0.574200000000000     
  0.595900000000000       0.651300000000000       0.776500000000000     
  0.906700000000000       0.924200000000000       0.906200000000000     
  0.822000000000000       0.771500000000000       0.769600000000000     
  0.765400000000000       0.751600000000000       0.730400000000000     
  0.710800000000000       0.702800000000000       0.707400000000000     
  0.714200000000000       0.718500000000000       0.724800000000000     
  0.737700000000000       0.739300000000000       0.733800000000000     
  0.741300000000000       0.750200000000000       0.762400000000000     
  0.775200000000000       0.784100000000000       0.789500000000000     
  0.795200000000000       0.799400000000000       0.804200000000000     
  0.810400000000000       0.822400000000000       0.830800000000000     
  0.843800000000000       0.861700000000000       0.884100000000000     
  0.907200000000000       0.924600000000000       0.939300000000000     
  0.447100000000000       0.452600000000000       0.454800000000000     
  0.426300000000000       0.443800000000000       0.510300000000000     
  0.551200000000000       0.571700000000000       0.619900000000000     
  0.695800000000000       0.742900000000000       0.739500000000000     
  0.728100000000000       0.695900000000000       0.632100000000000     
  0.634000000000000       0.685000000000000       0.643300000000000     
  0.618300000000000       0.594000000000000       0.602400000000000     
  0.609900000000000       0.629700000000000       0.675600000000000     
  0.789400000000000       0.918000000000000       0.934600000000000     
  0.915100000000000       0.828400000000000       0.777000000000000     
  0.773400000000000       0.769400000000000       0.755300000000000     
  0.733800000000000       0.714500000000000       0.707400000000000     
  0.713400000000000       0.722200000000000       0.727800000000000     
  0.735100000000000       0.750000000000000       0.752700000000000     
  0.746600000000000       0.753800000000000       0.762100000000000     
  0.773500000000000       0.785000000000000       0.792900000000000     
  0.798100000000000       0.803400000000000       0.807400000000000     
  0.812100000000000       0.818200000000000       0.830300000000000     
  0.839200000000000       0.852300000000000       0.870600000000000     
  0.892600000000000       0.914400000000000       0.929800000000000     
  0.941900000000000       0.450800000000000       0.456600000000000     
  0.459700000000000       0.432600000000000       0.451200000000000     
  0.517300000000000       0.557600000000000       0.577500000000000     
  0.624900000000000       0.700600000000000       0.747700000000000     
  0.743800000000000       0.732000000000000       0.699300000000000     
  0.636200000000000       0.639400000000000       0.690000000000000     
  0.647900000000000       0.623200000000000       0.602600000000000     
  0.613100000000000       0.620300000000000       0.639900000000000     
  0.683400000000000       0.793200000000000       0.921000000000000     
  0.937400000000000       0.917500000000000       0.830200000000000     
  0.778700000000000       0.774600000000000       0.770700000000000     
  0.756600000000000       0.735100000000000       0.715900000000000     
  0.709200000000000       0.715700000000000       0.725000000000000     
  0.731000000000000       0.738600000000000       0.754100000000000     
  0.757000000000000       0.750600000000000       0.757600000000000     
  0.765600000000000       0.776700000000000       0.787800000000000     
  0.795500000000000       0.800600000000000       0.805800000000000     
  0.809700000000000       0.814400000000000       0.820500000000000     
  0.832700000000000       0.841700000000000       0.854900000000000     
  0.873200000000000       0.895100000000000       0.916500000000000     
  0.931200000000000       0.942600000000000       0.454600000000000     
  0.460900000000000       0.465000000000000       0.439300000000000     
  0.459100000000000       0.524700000000000       0.564400000000000     
  0.583700000000000       0.630000000000000       0.705500000000000     
  0.752400000000000       0.748100000000000       0.735900000000000     
  0.702800000000000       0.640500000000000       0.645000000000000     
  0.695200000000000       0.652800000000000       0.628500000000000     
  0.611700000000000       0.623800000000000       0.630800000000000     
  0.650200000000000       0.691400000000000       0.797200000000000     
  0.924000000000000       0.940100000000000       0.919900000000000     
  0.832000000000000       0.780500000000000       0.775900000000000     
  0.772100000000000       0.758000000000000       0.736500000000000     
  0.717600000000000       0.711300000000000       0.718100000000000     
  0.728100000000000       0.734500000000000       0.742400000000000     
  0.758400000000000       0.761500000000000       0.754700000000000     
  0.761300000000000       0.769100000000000       0.779900000000000     
  0.790600000000000       0.798100000000000       0.803200000000000     
  0.808200000000000       0.812100000000000       0.816800000000000     
  0.822800000000000       0.835100000000000       0.844200000000000     
  0.857500000000000       0.875800000000000       0.897500000000000     
  0.918500000000000       0.932600000000000       0.943200000000000     
