   10.0900000000000        12.5600000000000        17.0700000000000     
   20.7400000000000        27.8900000000000        34.8500000000000     
   36.9300000000000        36.0400000000000        31.7000000000000     
   27.6700000000000        24.7000000000000        24.2300000000000     
   24.3500000000000        26.4900000000000        40.8000000000000     
   57.3500000000000        60.3400000000000        60.9100000000000     
   69.1600000000000        118.100000000000        186.400000000000     
   217.000000000000        193.400000000000        136.300000000000     
   75.8100000000000        38.2500000000000        24.4000000000000     
   20.5100000000000        42.5400000000000        64.6700000000000     
   67.8900000000000        76.2200000000000        88.8800000000000     
   112.900000000000        145.800000000000        186.700000000000     
   221.200000000000        254.500000000000        281.700000000000     
   305.300000000000        342.800000000000        419.000000000000     
   554.700000000000        682.700000000000        786.400000000000     
   905.500000000000        1039.00000000000        1129.00000000000     
   1183.00000000000        1220.00000000000        1245.00000000000     
   1268.00000000000        1290.00000000000        1318.00000000000     
   1326.00000000000        1337.00000000000        1345.00000000000     
   1347.00000000000        1341.00000000000        1328.00000000000     
   1290.00000000000        7.69200000000000        8.53200000000000     
   10.1900000000000        9.41700000000000        11.3400000000000     
   17.5600000000000        20.3500000000000        19.5600000000000     
   18.7000000000000        19.5400000000000        18.5700000000000     
   16.6800000000000        15.0500000000000        13.3300000000000     
   14.8300000000000        20.5700000000000        26.1800000000000     
   16.9200000000000        14.3700000000000        18.0000000000000     
   19.2100000000000        19.3200000000000        24.0400000000000     
   31.8300000000000        36.7500000000000        34.1700000000000     
   22.3700000000000        14.7800000000000        14.9000000000000     
   12.5800000000000        8.82800000000000        9.20900000000000     
   7.47200000000000        4.76600000000000        2.66600000000000     
   1.85000000000000        2.48800000000000        4.16300000000000     
   5.36100000000000        6.57500000000000        10.0400000000000     
   9.64600000000000        7.15800000000000        9.16100000000000     
   13.3600000000000        22.2100000000000        42.7100000000000     
   72.0200000000000        103.600000000000        138.200000000000     
   171.300000000000        213.700000000000        272.100000000000     
   401.200000000000        465.600000000000        621.500000000000     
   851.900000000000        1201.00000000000        1743.00000000000     
   2597.00000000000        4927.00000000000        7.69800000000000     
   8.54100000000000        10.2000000000000        9.43800000000000     
   11.3700000000000        17.6100000000000        20.4000000000000     
   19.6000000000000        18.7400000000000        19.5700000000000     
   18.5900000000000        16.7100000000000        15.0800000000000     
   13.3700000000000        14.9000000000000        20.6900000000000     
   26.3100000000000        17.0500000000000        14.5200000000000     
   18.2900000000000        19.7200000000000        19.9700000000000     
   24.6400000000000        32.2800000000000        36.9800000000000     
   34.2200000000000        22.3900000000000        14.8200000000000     
   15.0300000000000        12.8200000000000        9.10100000000000     
   9.53300000000000        7.88100000000000        5.35800000000000     
   3.56300000000000        3.25500000000000        4.46600000000000     
   6.78900000000000        8.59500000000000        10.4500000000000     
   15.0500000000000        17.6400000000000        23.5800000000000     
   39.3200000000000        61.6900000000000        104.400000000000     
   193.600000000000        306.800000000000        417.500000000000     
   530.000000000000        631.700000000000        754.500000000000     
   914.100000000000        1235.00000000000        1382.00000000000     
   1717.00000000000        2164.00000000000        2765.00000000000     
   3574.00000000000        4657.00000000000        6909.00000000000     
   7.72800000000000        8.58900000000000        10.2900000000000     
   9.55700000000000        11.5500000000000        17.8500000000000     
   20.6600000000000        19.8700000000000        18.9600000000000     
   19.7300000000000        18.7200000000000        16.8600000000000     
   15.2600000000000        13.6100000000000        15.3500000000000     
   21.3900000000000        27.0800000000000        17.9200000000000     
   15.5900000000000        20.3900000000000        23.8300000000000     
   25.4100000000000        29.3000000000000        35.2600000000000     
   38.2900000000000        34.4300000000000        22.4900000000000     
   15.0200000000000        15.8800000000000        14.4600000000000     
   11.0300000000000        11.8300000000000        10.8300000000000     
   9.69700000000000        10.1200000000000        13.2400000000000     
   18.0300000000000        24.2000000000000        29.5300000000000     
   34.8900000000000        45.4800000000000        63.4000000000000     
   107.800000000000        176.900000000000        259.700000000000     
   398.100000000000        643.200000000000        906.100000000000     
   1131.00000000000        1337.00000000000        1509.00000000000     
   1700.00000000000        1930.00000000000        2339.00000000000     
   2505.00000000000        2854.00000000000        3257.00000000000     
   3716.00000000000        4220.00000000000        4743.00000000000     
   5438.00000000000        7.74600000000000        8.61800000000000     
   10.3300000000000        9.63100000000000        11.6700000000000     
   18.0000000000000        20.8200000000000        20.0300000000000     
   19.1000000000000        19.8300000000000        18.8000000000000     
   16.9600000000000        15.3700000000000        13.7600000000000     
   15.6400000000000        21.8400000000000        27.5600000000000     
   18.5000000000000        16.3100000000000        21.8700000000000     
   26.9400000000000        29.4800000000000        32.6900000000000     
   37.2300000000000        39.0700000000000        34.5400000000000     
   22.5500000000000        15.1400000000000        16.4000000000000     
   15.4900000000000        12.2500000000000        13.2800000000000     
   12.6900000000000        12.4100000000000        14.1400000000000     
   19.2000000000000        25.8900000000000        34.0600000000000     
   41.1700000000000        48.2400000000000        61.6700000000000     
   86.6000000000000        147.100000000000        235.700000000000     
   338.000000000000        503.000000000000        782.500000000000     
   1069.00000000000        1305.00000000000        1516.00000000000     
   1687.00000000000        1875.00000000000        2094.00000000000     
   2472.00000000000        2622.00000000000        2926.00000000000     
   3264.00000000000        3629.00000000000        4006.00000000000     
   4364.00000000000        4758.00000000000        7.77600000000000     
   8.66700000000000        10.4200000000000        9.75900000000000     
   11.8700000000000        18.2600000000000        21.0900000000000     
   20.3000000000000        19.3300000000000        19.9900000000000     
   18.9300000000000        17.1100000000000        15.5600000000000     
   14.0200000000000        16.1500000000000        22.6300000000000     
   28.3800000000000        19.5100000000000        17.5900000000000     
   24.6300000000000        32.4000000000000        36.5500000000000     
   38.5200000000000        40.6400000000000        40.3300000000000     
   34.7100000000000        22.6300000000000        15.3200000000000     
   17.2600000000000        17.2000000000000        14.2600000000000     
   15.6400000000000        15.7000000000000        16.7400000000000     
   20.4900000000000        28.3900000000000        37.7900000000000     
   48.7300000000000        58.2700000000000        67.6400000000000     
   84.8100000000000        118.800000000000        198.800000000000     
   309.600000000000        432.400000000000        622.600000000000     
   928.800000000000        1227.00000000000        1463.00000000000     
   1667.00000000000        1828.00000000000        2001.00000000000     
   2198.00000000000        2523.00000000000        2647.00000000000     
   2892.00000000000        3151.00000000000        3413.00000000000     
   3662.00000000000        3869.00000000000        4026.00000000000     
   7.79700000000000        8.70200000000000        10.4800000000000     
   9.85400000000000        12.0200000000000        18.4400000000000     
   21.2800000000000        20.5000000000000        19.4900000000000     
   20.1000000000000        19.0200000000000        17.2200000000000     
   15.6900000000000        14.2000000000000        16.5100000000000     
   23.2000000000000        28.9400000000000        20.2300000000000     
   18.5100000000000        26.4300000000000        35.8200000000000     
   40.8800000000000        42.1400000000000        42.7700000000000     
   41.1200000000000        34.8000000000000        22.6700000000000     
   15.4300000000000        17.7900000000000        18.2600000000000     
   15.5100000000000        17.1000000000000        17.5300000000000     
   19.3500000000000        24.2200000000000        33.6700000000000     
   44.4900000000000        56.8500000000000        67.6300000000000     
   78.1400000000000        97.1600000000000        135.500000000000     
   224.700000000000        345.200000000000        476.300000000000     
   675.500000000000        989.100000000000        1287.00000000000     
   1518.00000000000        1715.00000000000        1870.00000000000     
   2033.00000000000        2216.00000000000        2514.00000000000     
   2625.00000000000        2842.00000000000        3065.00000000000     
   3285.00000000000        3482.00000000000        3634.00000000000     
   3715.00000000000        7.83000000000000        8.75600000000000     
   10.5800000000000        10.0100000000000        12.2700000000000     
   18.7500000000000        21.5900000000000        20.8200000000000     
   19.7500000000000        20.2700000000000        19.1600000000000     
   17.3900000000000        15.8900000000000        14.4800000000000     
   17.0800000000000        24.0600000000000        29.8000000000000     
   21.3100000000000        19.8800000000000        29.2200000000000     
   41.2100000000000        47.7800000000000        47.8100000000000     
   46.0500000000000        42.3200000000000        34.9400000000000     
   22.7400000000000        15.6100000000000        18.6100000000000     
   19.8900000000000        17.4100000000000        19.3100000000000     
   20.3300000000000        23.3100000000000        29.8800000000000     
   41.6100000000000        54.5100000000000        68.9500000000000     
   81.5200000000000        93.6700000000000        115.300000000000     
   159.800000000000        261.300000000000        394.200000000000     
   534.900000000000        743.800000000000        1062.00000000000     
   1355.00000000000        1577.00000000000        1762.00000000000     
   1904.00000000000        2052.00000000000        2216.00000000000     
   2475.00000000000        2569.00000000000        2748.00000000000     
   2927.00000000000        3093.00000000000        3231.00000000000     
   3322.00000000000        3326.00000000000        7.87000000000000     
   8.82400000000000        10.7000000000000        10.2100000000000     
   12.6000000000000        19.1300000000000        21.9700000000000     
   21.2000000000000        20.0600000000000        20.4800000000000     
   19.3200000000000        17.5900000000000        16.1400000000000     
   14.8200000000000        17.7700000000000        25.1200000000000     
   30.8400000000000        22.6400000000000        21.5700000000000     
   32.6400000000000        47.8400000000000        56.2300000000000     
   54.7400000000000        50.0100000000000        43.7400000000000     
   35.1100000000000        22.8200000000000        15.8100000000000     
   19.5900000000000        21.8300000000000        19.6600000000000     
   21.9400000000000        23.6300000000000        27.9500000000000     
   36.4400000000000        50.7400000000000        65.9100000000000     
   82.6000000000000        97.0800000000000        111.000000000000     
   135.300000000000        186.100000000000        299.600000000000     
   443.500000000000        592.100000000000        807.200000000000     
   1125.00000000000        1407.00000000000        1616.00000000000     
   1786.00000000000        1914.00000000000        2046.00000000000     
   2189.00000000000        2408.00000000000        2486.00000000000     
   2630.00000000000        2767.00000000000        2887.00000000000     
   2976.00000000000        3020.00000000000        2972.00000000000     
   7.93200000000000        8.93000000000000        10.8800000000000     
   10.5300000000000        13.1100000000000        19.7100000000000     
   22.5600000000000        21.8000000000000        20.5300000000000     
   20.7900000000000        19.5600000000000        17.8800000000000     
   16.5000000000000        15.3300000000000        18.8100000000000     
   26.6900000000000        32.3700000000000        24.6000000000000     
   24.0600000000000        37.6700000000000        57.4800000000000     
   68.3700000000000        64.7200000000000        55.7100000000000     
   45.7700000000000        35.3300000000000        22.9300000000000     
   16.0900000000000        20.9800000000000        24.5800000000000     
   22.8500000000000        25.6300000000000        28.2600000000000     
   34.4000000000000        45.4600000000000        63.0800000000000     
   81.1400000000000        100.600000000000        117.500000000000     
   133.400000000000        161.000000000000        219.100000000000     
   345.700000000000        500.500000000000        655.600000000000     
   873.400000000000        1183.00000000000        1447.00000000000     
   1636.00000000000        1786.00000000000        1897.00000000000     
   2008.00000000000        2126.00000000000        2300.00000000000     
   2360.00000000000        2466.00000000000        2561.00000000000     
   2636.00000000000        2680.00000000000        2684.00000000000     
   2601.00000000000        8.00700000000000        9.05900000000000     
   11.1200000000000        10.9400000000000        13.7400000000000     
   20.4200000000000        23.2600000000000        22.4900000000000     
   21.0900000000000        21.1500000000000        19.8400000000000     
   18.2200000000000        16.9200000000000        15.9300000000000     
   20.0300000000000        28.5000000000000        34.1100000000000     
   26.8500000000000        26.9200000000000        43.3800000000000     
   68.2100000000000        81.7200000000000        75.7300000000000     
   62.0200000000000        47.9900000000000        35.5700000000000     
   23.0500000000000        16.4000000000000        22.5100000000000     
   27.6000000000000        26.3400000000000        29.6600000000000     
   33.2600000000000        41.3000000000000        54.9900000000000     
   75.9000000000000        96.7400000000000        118.900000000000     
   137.900000000000        155.700000000000        186.200000000000     
   250.700000000000        388.000000000000        550.400000000000     
   708.500000000000        924.400000000000        1220.00000000000     
   1464.00000000000        1632.00000000000        1762.00000000000     
   1856.00000000000        1949.00000000000        2045.00000000000     
   2181.00000000000        2225.00000000000        2302.00000000000     
   2365.00000000000        2407.00000000000        2421.00000000000     
   2401.00000000000        2303.00000000000        8.38400000000000     
   9.72100000000000        12.3300000000000        12.9900000000000     
   16.8800000000000        23.8100000000000        26.5600000000000     
   25.8000000000000        23.7100000000000        22.8000000000000     
   21.0900000000000        19.7700000000000        18.8400000000000     
   18.6500000000000        25.5900000000000        36.6300000000000     
   41.7400000000000        36.7900000000000        39.5000000000000     
   67.7300000000000        111.700000000000        134.400000000000     
   119.800000000000        87.7900000000000        57.0800000000000     
   36.4900000000000        23.5000000000000        17.6700000000000     
   28.8300000000000        39.8800000000000        40.3500000000000     
   45.6700000000000        52.9300000000000        67.8200000000000     
   90.5700000000000        122.200000000000        151.500000000000     
   181.300000000000        206.500000000000        229.400000000000     
   267.200000000000        347.000000000000        504.600000000000     
   673.100000000000        823.400000000000        1011.00000000000     
   1240.00000000000        1406.00000000000        1509.00000000000     
   1582.00000000000        1630.00000000000        1674.00000000000     
   1714.00000000000        1762.00000000000        1774.00000000000     
   1789.00000000000        1791.00000000000        1779.00000000000     
   1749.00000000000        1704.00000000000        1613.00000000000     
   8.62700000000000        10.1500000000000        13.0500000000000     
   14.1800000000000        18.6400000000000        25.6600000000000     
   28.3400000000000        27.5700000000000        25.1000000000000     
   23.6600000000000        21.7400000000000        20.5700000000000     
   19.8300000000000        20.0700000000000        28.4300000000000     
   40.6700000000000        45.4700000000000        41.6300000000000     
   45.5800000000000        79.0500000000000        130.700000000000     
   156.700000000000        138.900000000000        99.3200000000000     
   61.2300000000000        36.8900000000000        23.7000000000000     
   18.2600000000000        31.7700000000000        45.4400000000000     
   46.6300000000000        52.7800000000000        61.5200000000000     
   79.1200000000000        105.300000000000        140.700000000000     
   172.700000000000        204.800000000000        231.800000000000     
   256.000000000000        295.600000000000        378.600000000000     
   538.400000000000        703.000000000000        845.100000000000     
   1017.00000000000        1217.00000000000        1355.00000000000     
   1437.00000000000        1492.00000000000        1527.00000000000     
   1557.00000000000        1583.00000000000        1610.00000000000     
   1615.00000000000        1617.00000000000        1609.00000000000     
   1589.00000000000        1556.00000000000        1511.00000000000     
   1431.00000000000        8.82600000000000        10.4700000000000     
   13.6000000000000        15.1000000000000        19.9900000000000     
   27.0600000000000        29.6700000000000        28.9000000000000     
   26.1400000000000        24.3100000000000        22.2200000000000     
   21.1700000000000        20.5700000000000        21.1200000000000     
   30.5100000000000        43.6100000000000        48.1500000000000     
   45.1300000000000        49.9500000000000        87.0300000000000     
   143.800000000000        171.800000000000        151.800000000000     
   107.300000000000        64.1400000000000        37.1700000000000     
   23.8400000000000        18.6800000000000        33.8500000000000     
   49.3300000000000        51.0100000000000        57.7100000000000     
   67.4500000000000        86.8200000000000        115.200000000000     
   152.800000000000        186.500000000000        219.900000000000     
   247.800000000000        272.800000000000        313.200000000000     
   397.700000000000        557.300000000000        717.900000000000     
   853.600000000000        1014.00000000000        1196.00000000000     
   1316.00000000000        1385.00000000000        1430.00000000000     
   1458.00000000000        1481.00000000000        1499.00000000000     
   1515.00000000000        1517.00000000000        1513.00000000000     
   1501.00000000000        1477.00000000000        1443.00000000000     
   1400.00000000000        1328.00000000000        9.04000000000000     
   10.8300000000000        14.2100000000000        16.0900000000000     
   21.4400000000000        28.5600000000000        31.0900000000000     
   30.3100000000000        27.2400000000000        24.9900000000000     
   22.7200000000000        21.8000000000000        21.3500000000000     
   22.2300000000000        32.7000000000000        46.6600000000000     
   50.9300000000000        48.7500000000000        54.4500000000000     
   95.1100000000000        156.600000000000        186.500000000000     
   164.600000000000        115.300000000000        67.0900000000000     
   37.4500000000000        23.9800000000000        19.1100000000000     
   35.9600000000000        53.2700000000000        55.4300000000000     
   62.6500000000000        73.3700000000000        94.4500000000000     
   124.800000000000        164.600000000000        199.600000000000     
   234.200000000000        262.900000000000        288.300000000000     
   329.400000000000        414.700000000000        573.100000000000     
   728.900000000000        857.800000000000        1007.00000000000     
   1171.00000000000        1276.00000000000        1333.00000000000     
   1370.00000000000        1391.00000000000        1408.00000000000     
   1420.00000000000        1428.00000000000        1427.00000000000     
   1419.00000000000        1403.00000000000        1378.00000000000     
   1344.00000000000        1304.00000000000        1238.00000000000     
   9.51000000000000        11.6200000000000        15.5500000000000     
   18.3300000000000        24.6700000000000        31.8200000000000     
   34.1700000000000        33.3600000000000        29.6200000000000     
   26.4400000000000        23.8000000000000        23.1300000000000     
   23.0000000000000        24.5800000000000        37.3300000000000     
   53.0600000000000        56.7100000000000        56.2700000000000     
   63.7500000000000        111.300000000000        181.500000000000     
   214.500000000000        189.300000000000        131.200000000000     
   73.0600000000000        38.0100000000000        24.2700000000000     
   19.9900000000000        40.2800000000000        61.1800000000000     
   64.2600000000000        72.5100000000000        85.0600000000000     
   109.300000000000        143.400000000000        186.700000000000     
   223.900000000000        260.100000000000        289.900000000000     
   315.900000000000        357.500000000000        443.000000000000     
   596.700000000000        741.200000000000        856.100000000000     
   983.400000000000        1115.00000000000        1193.00000000000     
   1232.00000000000        1255.00000000000        1266.00000000000     
   1274.00000000000        1277.00000000000        1273.00000000000     
   1269.00000000000        1255.00000000000        1236.00000000000     
   1211.00000000000        1179.00000000000        1144.00000000000     
   1090.00000000000        10.3800000000000        13.0500000000000     
   17.9500000000000        22.2500000000000        30.2100000000000     
   37.3400000000000        39.3300000000000        38.4400000000000     
   33.5800000000000        28.8500000000000        25.5800000000000     
   25.3300000000000        25.7200000000000        28.4400000000000     
   44.7800000000000        63.1400000000000        65.7100000000000     
   67.9300000000000        78.0400000000000        135.100000000000     
   215.700000000000        251.800000000000        222.900000000000     
   153.900000000000        81.9700000000000        38.8500000000000     
   24.7000000000000        21.3600000000000        46.8400000000000     
   72.9600000000000        77.3000000000000        86.9200000000000     
   101.900000000000        130.200000000000        168.700000000000     
   215.900000000000        255.100000000000        292.500000000000     
   322.800000000000        348.900000000000        389.800000000000     
   472.800000000000        615.300000000000        741.000000000000     
   835.300000000000        933.300000000000        1025.00000000000     
   1073.00000000000        1093.00000000000        1101.00000000000     
   1104.00000000000        1103.00000000000        1098.00000000000     
   1085.00000000000        1078.00000000000        1062.00000000000     
   1043.00000000000        1019.00000000000        992.400000000000     
   964.500000000000        923.900000000000        11.0800000000000     
   14.2100000000000        19.8500000000000        25.3100000000000     
   34.4300000000000        41.4800000000000        43.1900000000000     
   42.2300000000000        36.5400000000000        30.6400000000000     
   26.9100000000000        26.9600000000000        27.7300000000000     
   31.2800000000000        50.1600000000000        70.2500000000000     
   72.0200000000000        76.0500000000000        87.8600000000000     
   150.700000000000        236.700000000000        273.900000000000     
   243.400000000000        168.400000000000        87.9800000000000     
   39.4300000000000        24.9900000000000        22.3300000000000     
   51.3700000000000        80.8500000000000        85.9800000000000     
   96.4200000000000        112.900000000000        143.500000000000     
   184.400000000000        233.200000000000        273.100000000000     
   310.500000000000        340.700000000000        366.400000000000     
   406.200000000000        486.100000000000        619.100000000000     
   731.900000000000        813.000000000000        893.600000000000     
   963.900000000000        995.600000000000        1007.00000000000     
   1009.00000000000        1007.00000000000        1003.00000000000     
   995.800000000000        979.800000000000        972.500000000000     
   956.200000000000        937.800000000000        916.200000000000     
   893.200000000000        869.500000000000        835.700000000000     
   13.5800000000000        18.1900000000000        26.1900000000000     
   35.2500000000000        47.6900000000000        54.2800000000000     
   55.0200000000000        53.8400000000000        45.6300000000000     
   36.1800000000000        30.9700000000000        31.9500000000000     
   33.8600000000000        39.8700000000000        65.8600000000000     
   90.3200000000000        89.6800000000000        98.5500000000000     
   114.600000000000        189.900000000000        283.700000000000     
   321.100000000000        289.100000000000        204.000000000000     
   104.000000000000        40.9900000000000        25.8200000000000     
   25.1100000000000        63.8800000000000        101.800000000000     
   108.700000000000        121.000000000000        140.700000000000     
   175.900000000000        220.600000000000        271.200000000000     
   310.200000000000        345.900000000000        373.800000000000     
   397.000000000000        431.900000000000        500.000000000000     
   604.500000000000        683.200000000000        733.500000000000     
   776.500000000000        804.300000000000        809.000000000000     
   805.700000000000        798.900000000000        792.500000000000     
   784.700000000000        774.700000000000        758.000000000000     
   751.300000000000        737.600000000000        723.600000000000     
   708.300000000000        692.800000000000        677.500000000000     
   656.200000000000        16.7300000000000        23.0500000000000     
   33.5900000000000        46.3400000000000        61.8200000000000     
   67.6700000000000        67.3400000000000        65.8900000000000     
   55.1900000000000        42.0900000000000        35.3200000000000     
   37.2400000000000        40.3000000000000        48.7500000000000     
   81.2100000000000        109.000000000000        106.000000000000     
   118.900000000000        138.100000000000        220.100000000000     
   313.500000000000        347.700000000000        317.600000000000     
   230.400000000000        118.000000000000        42.4400000000000     
   26.6100000000000        27.8700000000000        75.4400000000000     
   119.800000000000        128.000000000000        141.400000000000     
   162.900000000000        200.300000000000        245.700000000000     
   294.500000000000        330.500000000000        362.400000000000     
   386.900000000000        406.600000000000        435.600000000000     
   490.700000000000        568.700000000000        620.500000000000     
   649.300000000000        668.800000000000        674.000000000000     
   666.800000000000        658.500000000000        649.400000000000     
   642.300000000000        634.500000000000        625.400000000000     
   611.300000000000        606.000000000000        595.600000000000     
   585.500000000000        574.600000000000        563.900000000000     
   553.500000000000        538.800000000000        20.4600000000000     
   28.5800000000000        41.6500000000000        57.8900000000000     
   75.8900000000000        80.8300000000000        79.4500000000000     
   77.7300000000000        64.7400000000000        48.1100000000000     
   39.7800000000000        42.6200000000000        46.8000000000000     
   57.5400000000000        95.4700000000000        125.400000000000     
   120.400000000000        136.500000000000        157.600000000000     
   241.600000000000        329.100000000000        358.700000000000     
   332.200000000000        248.300000000000        129.600000000000     
   43.7800000000000        27.3700000000000        30.5800000000000     
   85.8100000000000        134.800000000000        143.800000000000     
   157.600000000000        179.900000000000        217.500000000000     
   261.400000000000        306.500000000000        338.400000000000     
   365.800000000000        386.400000000000        402.600000000000     
   425.900000000000        468.700000000000        524.500000000000     
   556.600000000000        571.000000000000        576.500000000000     
   570.200000000000        558.700000000000        549.400000000000     
   540.500000000000        534.000000000000        527.300000000000     
   519.700000000000        508.600000000000        504.500000000000     
   496.700000000000        489.400000000000        481.500000000000     
   473.800000000000        466.300000000000        455.500000000000     
   25.7700000000000        36.1500000000000        52.1200000000000     
   72.1300000000000        92.3900000000000        96.1200000000000     
   93.5300000000000        91.5200000000000        76.1400000000000     
   55.5200000000000        45.3400000000000        49.2500000000000     
   54.7200000000000        67.9900000000000        111.200000000000     
   142.400000000000        135.200000000000        154.000000000000     
   176.400000000000        257.800000000000        333.900000000000     
   357.200000000000        336.000000000000        260.900000000000     
   141.000000000000        45.2800000000000        28.2600000000000     
   33.8400000000000        96.9500000000000        149.300000000000     
   158.700000000000        172.500000000000        194.600000000000     
   230.600000000000        270.800000000000        309.900000000000     
   336.100000000000        357.900000000000        373.800000000000     
   385.900000000000        402.700000000000        432.600000000000     
   467.100000000000        482.300000000000        485.800000000000     
   482.000000000000        469.900000000000        457.500000000000     
   449.100000000000        441.500000000000        436.300000000000     
   431.000000000000        425.300000000000        417.200000000000     
   414.300000000000        408.800000000000        403.800000000000     
   398.300000000000        392.800000000000        387.500000000000     
   379.600000000000        32.8800000000000        45.7800000000000     
   64.6800000000000        88.0900000000000        109.800000000000     
   112.100000000000        108.300000000000        106.000000000000     
   88.5800000000000        63.9900000000000        51.8200000000000     
   56.8900000000000        63.6900000000000        79.4200000000000     
   126.600000000000        157.600000000000        148.500000000000     
   169.100000000000        191.300000000000        264.900000000000     
   325.000000000000        341.100000000000        326.300000000000     
   264.600000000000        150.500000000000        46.8700000000000     
   29.2800000000000        37.5800000000000        107.800000000000     
   161.400000000000        170.700000000000        183.600000000000     
   204.300000000000        236.800000000000        271.100000000000     
   302.200000000000        321.800000000000        337.400000000000     
   348.400000000000        356.400000000000        367.000000000000     
   384.800000000000        401.600000000000        404.700000000000     
   401.500000000000        393.300000000000        380.000000000000     
   369.100000000000        362.500000000000        356.700000000000     
   352.900000000000        349.100000000000        345.100000000000     
   339.500000000000        337.500000000000        333.800000000000     
   330.400000000000        326.600000000000        322.800000000000     
   319.000000000000        313.400000000000        41.4800000000000     
   56.7500000000000        77.9300000000000        103.500000000000     
   125.200000000000        126.100000000000        121.500000000000     
   119.100000000000        100.400000000000        72.6100000000000     
   58.6300000000000        64.7600000000000        72.7300000000000     
   90.4000000000000        139.100000000000        168.100000000000     
   157.900000000000        178.700000000000        199.200000000000     
   260.600000000000        303.100000000000        312.600000000000     
   303.900000000000        257.900000000000        156.200000000000     
   48.3700000000000        30.3400000000000        41.5100000000000     
   116.700000000000        168.600000000000        177.200000000000     
   188.700000000000        206.800000000000        234.100000000000     
   261.000000000000        283.600000000000        296.800000000000     
   306.600000000000        313.200000000000        317.600000000000     
   323.100000000000        331.500000000000        336.000000000000     
   332.200000000000        326.200000000000        317.100000000000     
   305.500000000000        297.100000000000        292.400000000000     
   288.200000000000        285.600000000000        283.000000000000     
   280.200000000000        276.500000000000        275.100000000000     
   272.600000000000        270.300000000000        267.600000000000     
   265.000000000000        262.300000000000        258.200000000000     
   46.6800000000000        63.0200000000000        84.9900000000000     
   111.000000000000        132.100000000000        132.300000000000     
   127.400000000000        124.900000000000        106.100000000000     
   77.1200000000000        62.3200000000000        68.9500000000000     
   77.4300000000000        95.8100000000000        144.200000000000     
   171.200000000000        160.900000000000        181.100000000000     
   200.100000000000        253.600000000000        286.700000000000     
   293.200000000000        287.400000000000        250.100000000000     
   157.400000000000        49.1100000000000        30.9200000000000     
   43.6800000000000        120.300000000000        170.100000000000     
   178.100000000000        188.500000000000        204.900000000000     
   228.800000000000        251.500000000000        269.600000000000     
   279.500000000000        286.500000000000        291.100000000000     
   293.900000000000        297.200000000000        301.700000000000     
   301.800000000000        296.000000000000        289.600000000000     
   281.000000000000        270.800000000000        263.800000000000     
   260.000000000000        256.500000000000        254.400000000000     
   252.300000000000        250.100000000000        247.100000000000     
   246.000000000000        243.900000000000        242.100000000000     
   239.900000000000        237.700000000000        235.400000000000     
   232.000000000000        52.8000000000000        70.0700000000000     
   92.4300000000000        118.200000000000        138.000000000000     
   137.600000000000        132.500000000000        130.100000000000     
   111.500000000000        81.8100000000000        66.3100000000000     
   73.4000000000000        82.3100000000000        101.100000000000     
   147.900000000000        172.300000000000        162.000000000000     
   181.000000000000        198.000000000000        242.000000000000     
   265.500000000000        269.000000000000        266.000000000000     
   237.900000000000        156.800000000000        49.8400000000000     
   31.5800000000000        46.0900000000000        123.200000000000     
   169.500000000000        176.700000000000        185.800000000000     
   199.900000000000        219.800000000000        237.700000000000     
   251.000000000000        257.600000000000        262.000000000000     
   264.700000000000        266.100000000000        267.400000000000     
   268.600000000000        265.200000000000        258.400000000000     
   252.200000000000        244.600000000000        236.100000000000     
   230.500000000000        227.600000000000        224.800000000000     
   223.200000000000        221.500000000000        219.800000000000     
   217.400000000000        216.600000000000        214.900000000000     
   213.500000000000        211.700000000000        209.900000000000     
   208.000000000000        205.200000000000        58.2200000000000     
   75.9500000000000        98.1200000000000        123.000000000000     
   141.200000000000        140.300000000000        135.300000000000     
   133.000000000000        115.100000000000        85.3700000000000     
   69.5100000000000        76.8800000000000        85.9900000000000     
   104.800000000000        149.200000000000        170.800000000000     
   160.900000000000        178.500000000000        193.300000000000     
   228.900000000000        244.900000000000        246.500000000000     
   245.300000000000        224.700000000000        154.600000000000     
   50.3500000000000        32.1300000000000        48.0900000000000     
   124.300000000000        166.800000000000        173.200000000000     
   180.900000000000        193.000000000000        209.300000000000     
   223.200000000000        232.700000000000        236.900000000000     
   239.400000000000        240.700000000000        241.100000000000     
   241.200000000000        240.300000000000        235.200000000000     
   228.200000000000        222.600000000000        216.000000000000     
   209.000000000000        204.400000000000        202.100000000000     
   199.900000000000        198.600000000000        197.300000000000     
   195.900000000000        193.900000000000        193.300000000000     
   191.900000000000        190.700000000000        189.200000000000     
   187.700000000000        186.200000000000        183.900000000000     
   62.9200000000000        80.7600000000000        102.300000000000     
   125.900000000000        142.300000000000        141.200000000000     
   136.300000000000        134.200000000000        117.200000000000     
   88.0000000000000        72.0400000000000        79.5500000000000     
   88.7100000000000        107.200000000000        148.800000000000     
   167.700000000000        158.300000000000        174.300000000000     
   187.100000000000        215.600000000000        226.000000000000     
   226.200000000000        226.300000000000        211.400000000000     
   151.300000000000        50.6900000000000        32.5900000000000     
   49.7700000000000        124.300000000000        162.800000000000     
   168.400000000000        175.000000000000        185.100000000000     
   198.400000000000        209.000000000000        215.600000000000     
   218.000000000000        219.100000000000        219.500000000000     
   219.300000000000        218.500000000000        216.400000000000     
   210.500000000000        203.900000000000        198.900000000000     
   193.300000000000        187.400000000000        183.700000000000     
   181.800000000000        180.000000000000        178.900000000000     
   177.800000000000        176.700000000000        175.100000000000     
   174.500000000000        173.400000000000        172.400000000000     
   171.100000000000        169.800000000000        168.500000000000     
   166.600000000000        66.9200000000000        84.5700000000000     
   105.200000000000        127.200000000000        141.900000000000     
   140.600000000000        136.000000000000        134.100000000000     
   118.200000000000        89.8300000000000        73.9700000000000     
   81.5100000000000        90.5800000000000        108.500000000000     
   147.000000000000        163.400000000000        154.700000000000     
   169.100000000000        180.100000000000        202.600000000000     
   208.700000000000        208.100000000000        209.000000000000     
   198.500000000000        147.200000000000        50.8800000000000     
   32.9700000000000        51.1500000000000        123.300000000000     
   158.000000000000        162.900000000000        168.400000000000     
   176.800000000000        187.500000000000        195.500000000000     
   199.800000000000        200.900000000000        201.000000000000     
   200.800000000000        200.200000000000        199.000000000000     
   196.200000000000        190.100000000000        184.000000000000     
   179.600000000000        174.800000000000        169.900000000000     
   166.800000000000        165.200000000000        163.700000000000     
   162.800000000000        161.900000000000        160.900000000000     
   159.500000000000        159.000000000000        158.100000000000     
   157.200000000000        156.100000000000        155.000000000000     
   153.900000000000        152.200000000000        71.7900000000000     
   88.7200000000000        107.700000000000        127.000000000000     
   139.100000000000        137.800000000000        133.700000000000     
   132.000000000000        117.900000000000        91.3500000000000     
   75.9600000000000        83.3800000000000        92.1400000000000     
   108.900000000000        142.700000000000        155.600000000000     
   148.000000000000        160.000000000000        168.500000000000     
   183.800000000000        185.600000000000        184.100000000000     
   185.800000000000        180.100000000000        140.200000000000     
   50.9400000000000        33.4300000000000        52.7600000000000     
   120.600000000000        149.700000000000        153.600000000000     
   157.700000000000        164.000000000000        171.500000000000     
   176.400000000000        178.200000000000        178.000000000000     
   177.300000000000        176.500000000000        175.500000000000     
   173.900000000000        170.700000000000        164.900000000000     
   159.700000000000        156.100000000000        152.300000000000     
   148.500000000000        146.100000000000        144.900000000000     
   143.700000000000        142.900000000000        142.200000000000     
   141.400000000000        140.300000000000        139.900000000000     
   139.200000000000        138.500000000000        137.600000000000     
   136.700000000000        135.800000000000        134.400000000000     
   75.0900000000000        91.0400000000000        108.200000000000     
   124.900000000000        134.900000000000        133.600000000000     
   130.000000000000        128.600000000000        116.200000000000     
   91.6500000000000        76.9300000000000        84.1000000000000     
   92.4300000000000        108.000000000000        137.300000000000     
   147.500000000000        140.900000000000        150.900000000000     
   157.500000000000        167.700000000000        166.900000000000     
   165.200000000000        167.100000000000        164.500000000000     
   133.200000000000        50.7700000000000        33.7300000000000     
   53.7900000000000        117.000000000000        141.500000000000     
   144.500000000000        147.600000000000        152.300000000000     
   157.400000000000        160.300000000000        160.600000000000     
   159.700000000000        158.500000000000        157.400000000000     
   156.300000000000        154.700000000000        151.400000000000     
   146.200000000000        141.700000000000        138.800000000000     
   135.700000000000        132.600000000000        130.700000000000     
   129.700000000000        128.700000000000        128.100000000000     
   127.500000000000        126.900000000000        125.900000000000     
   125.600000000000        125.000000000000        124.400000000000     
   123.600000000000        122.900000000000        122.100000000000     
   121.000000000000        76.7200000000000        91.8900000000000     
   107.700000000000        122.800000000000        131.500000000000     
   130.300000000000        127.000000000000        125.700000000000     
   114.400000000000        91.3500000000000        77.1800000000000     
   84.1300000000000        92.1200000000000        106.800000000000     
   133.300000000000        141.900000000000        135.900000000000     
   144.700000000000        150.200000000000        157.700000000000     
   155.800000000000        154.000000000000        155.900000000000     
   154.700000000000        128.400000000000        50.5500000000000     
   33.8800000000000        54.2700000000000        114.200000000000     
   135.800000000000        138.400000000000        140.900000000000     
   144.700000000000        148.600000000000        150.400000000000     
   150.000000000000        148.700000000000        147.400000000000     
   146.200000000000        145.100000000000        143.500000000000     
   140.400000000000        135.500000000000        131.500000000000     
   129.000000000000        126.200000000000        123.500000000000     
   121.800000000000        121.000000000000        120.100000000000     
   119.500000000000        119.000000000000        118.500000000000     
   117.600000000000        117.400000000000        116.800000000000     
   116.200000000000        115.600000000000        114.900000000000     
   114.200000000000        113.200000000000        79.1900000000000     
   91.8300000000000        104.000000000000        114.700000000000     
   120.100000000000        119.200000000000        116.900000000000     
   116.000000000000        107.700000000000        88.8400000000000     
   76.4800000000000        82.6500000000000        89.5200000000000     
   101.500000000000        120.700000000000        125.700000000000     
   121.200000000000        127.100000000000        130.200000000000     
   132.400000000000        129.000000000000        127.200000000000     
   129.000000000000        130.100000000000        114.500000000000     
   49.5800000000000        34.0700000000000        54.8300000000000     
   105.200000000000        119.800000000000        121.300000000000     
   122.600000000000        124.400000000000        125.700000000000     
   125.600000000000        124.000000000000        122.400000000000     
   120.900000000000        119.800000000000        118.800000000000     
   117.300000000000        114.700000000000        111.000000000000     
   108.100000000000        106.400000000000        104.400000000000     
   102.600000000000        101.400000000000        100.700000000000     
   100.100000000000        99.6800000000000        99.3100000000000     
   98.8900000000000        98.2700000000000        98.0600000000000     
   97.6300000000000        97.2300000000000        96.7400000000000     
   96.2400000000000        95.7300000000000        94.9300000000000     
   78.9900000000000        89.1700000000000        98.2400000000000     
   105.500000000000        108.700000000000        108.100000000000     
   106.400000000000        105.900000000000        99.8300000000000     
   84.8400000000000        74.3100000000000        79.6400000000000     
   85.4000000000000        94.9700000000000        108.500000000000     
   111.100000000000        107.900000000000        111.700000000000     
   113.300000000000        112.900000000000        109.200000000000     
   107.700000000000        109.200000000000        111.100000000000     
   102.100000000000        48.2500000000000        33.9600000000000     
   54.4200000000000        96.0800000000000        105.800000000000     
   106.500000000000        107.000000000000        107.700000000000     
   107.700000000000        106.600000000000        104.800000000000     
   103.200000000000        101.800000000000        100.900000000000     
   100.000000000000        98.8300000000000        96.7500000000000     
   93.9300000000000        91.7900000000000        90.5000000000000     
   89.0600000000000        87.6500000000000        86.7500000000000     
   86.2600000000000        85.7700000000000        85.4400000000000     
   85.1700000000000        84.8400000000000        84.3500000000000     
   84.1900000000000        83.8600000000000        83.5400000000000     
   83.1600000000000        82.7700000000000        82.3700000000000     
   81.7500000000000        78.4900000000000        87.9000000000000     
   96.0600000000000        102.400000000000        105.000000000000     
   104.500000000000        103.000000000000        102.500000000000     
   97.1500000000000        83.3000000000000        73.3700000000000     
   78.4100000000000        83.8200000000000        92.6700000000000     
   104.700000000000        106.700000000000        103.800000000000     
   107.100000000000        108.300000000000        107.400000000000     
   103.800000000000        102.300000000000        103.700000000000     
   105.700000000000        98.2700000000000        47.7400000000000     
   33.8700000000000        54.1100000000000        93.1200000000000     
   101.500000000000        102.000000000000        102.400000000000     
   102.800000000000        102.500000000000        101.300000000000     
   99.4500000000000        97.9200000000000        96.6300000000000     
   95.7200000000000        94.9100000000000        93.8100000000000     
   91.8900000000000        89.3100000000000        87.3500000000000     
   86.1800000000000        84.8600000000000        83.5700000000000     
   82.7400000000000        82.2800000000000        81.8300000000000     
   81.5300000000000        81.2800000000000        80.9700000000000     
   80.5200000000000        80.3700000000000        80.0600000000000     
   79.7600000000000        79.4100000000000        79.0500000000000     
   78.6800000000000        78.1000000000000        77.7900000000000     
   86.4300000000000        93.7000000000000        99.1000000000000     
   101.200000000000        100.800000000000        99.5100000000000     
   99.0700000000000        94.3200000000000        81.6100000000000     
   72.2800000000000        77.0400000000000        82.0900000000000     
   90.2000000000000        100.800000000000        102.200000000000     
   99.6600000000000        102.500000000000        103.300000000000     
   102.000000000000        98.4900000000000        97.1500000000000     
   98.4200000000000        100.400000000000        94.4100000000000     
   47.1800000000000        33.7500000000000        53.7200000000000     
   90.0500000000000        97.2100000000000        97.5700000000000     
   97.7600000000000        97.9600000000000        97.4500000000000     
   96.1400000000000        94.2700000000000        92.8000000000000     
   91.5800000000000        90.7300000000000        89.9800000000000     
   88.9600000000000        87.1900000000000        84.8400000000000     
   83.0600000000000        82.0000000000000        80.7900000000000     
   79.6100000000000        78.8400000000000        78.4200000000000     
   78.0100000000000        77.7300000000000        77.4900000000000     
   77.2100000000000        76.7900000000000        76.6500000000000     
   76.3700000000000        76.0900000000000        75.7600000000000     
   75.4300000000000        75.0900000000000        74.5500000000000     
