  0.500000000000000     
  0.821200000000000     
  0.673200000000000     
  0.190500000000000     
  0.243800000000000     
  0.500000000000000     
  0.970800000000000     
   1.07600000000000     
  0.774500000000000     
  0.473300000000000     
  0.144600000000000     
  3.003000000000000E-002
  0.500000000000000     
   1.00500000000000     
   1.16800000000000     
  0.986400000000000     
  0.784000000000000     
  0.493400000000000     
  0.265600000000000     
  7.081000000000000E-002
 -3.685000000000000E-002
  0.500000000000000     
  0.988300000000000     
   1.12300000000000     
  0.936700000000000     
  0.766300000000000     
  0.574700000000000     
  0.445700000000000     
  0.335300000000000     
  0.266100000000000     
  0.200900000000000     
  0.164400000000000     
  0.115000000000000     
  8.785999999999999E-002
  4.235000000000000E-002
  2.444000000000000E-002
 -2.126000000000000E-003
 -3.210000000000000E-003
