  0.158000000000000       0.219400000000000       0.271700000000000     
  0.367500000000000       0.387800000000000       0.318500000000000     
  0.294100000000000       0.315000000000000       0.294700000000000     
  0.206500000000000       0.174600000000000       0.232300000000000     
  0.298200000000000       0.406500000000000       0.524400000000000     
  0.503300000000000       0.431900000000000       0.605600000000000     
  0.683100000000000       0.689300000000000       0.660700000000000     
  0.644000000000000       0.647100000000000       0.594100000000000     
  0.397800000000000       7.777000000000001E-002  6.161000000000000E-002
  0.228100000000000       0.577700000000000       0.742900000000000     
  0.825000000000000       0.834500000000000       0.880800000000000     
  0.937000000000000       0.971800000000000       0.984900000000000     
  0.982500000000000       0.973200000000000       0.968100000000000     
  0.963400000000000       0.948700000000000       0.960200000000000     
  0.983400000000000       0.988700000000000       0.989800000000000     
  0.990400000000000       0.991200000000000       0.991300000000000     
  0.990600000000000       0.990000000000000       0.989500000000000     
  0.988300000000000       0.986900000000000       0.982500000000000     
  0.978100000000000       0.971500000000000       0.959500000000000     
  0.940100000000000       0.910800000000000       0.876700000000000     
  0.821800000000000       2.052000000000000E-005  3.295000000000000E-005
  4.834000000000000E-005  8.517999999999999E-005  1.084000000000000E-004
  8.334000000000000E-005  7.669000000000000E-005  8.768000000000000E-005
  8.156000000000000E-005  5.268000000000000E-005  4.518000000000000E-005
  6.808000000000000E-005  9.924000000000001E-005  1.665000000000000E-004
  2.994000000000000E-004  3.151000000000000E-004  2.530000000000000E-004
  5.605000000000000E-004  8.682000000000000E-004  1.280000000000000E-003
  2.050000000000000E-003  2.520000000000000E-003  1.875000000000000E-003
  9.520000000000000E-004  3.321000000000000E-004  4.050000000000000E-005
  3.182000000000000E-005  1.446000000000000E-004  7.683000000000000E-004
  1.975000000000000E-003  3.633000000000000E-003  4.201000000000000E-003
  6.958000000000000E-003  1.710000000000000E-002  4.887000000000000E-002
  0.113700000000000       0.120500000000000       9.575000000000000E-002
  9.200000000000000E-002  9.037000000000001E-002  7.650000000000000E-002
  0.133600000000000       0.405900000000000       0.629900000000000     
  0.743800000000000       0.836600000000000       0.910800000000000     
  0.942800000000000       0.954700000000000       0.962200000000000     
  0.966900000000000       0.969300000000000       0.971800000000000     
  0.972400000000000       0.969000000000000       0.967700000000000     
  0.963600000000000       0.957100000000000       0.948900000000000     
  0.943600000000000       0.942400000000000       1.620000000000000E-004
  2.604000000000000E-004  3.824000000000000E-004  6.746000000000000E-004
  8.591000000000000E-004  6.611000000000000E-004  6.081000000000000E-004
  6.950000000000000E-004  6.453000000000000E-004  4.155000000000000E-004
  3.556000000000000E-004  5.359000000000000E-004  7.814000000000000E-004
  1.313000000000000E-003  2.371000000000000E-003  2.501000000000000E-003
  2.003000000000000E-003  4.440000000000000E-003  6.882000000000000E-003
  1.023000000000000E-002  1.659000000000000E-002  2.057000000000000E-002
  1.516000000000000E-002  7.586000000000000E-003  2.595000000000000E-003
  3.097000000000000E-004  2.423000000000000E-004  1.104000000000000E-003
  5.900000000000000E-003  1.508000000000000E-002  2.728000000000000E-002
  3.136000000000000E-002  5.088000000000000E-002  0.116800000000000     
  0.279200000000000       0.488100000000000       0.500500000000000     
  0.433300000000000       0.419900000000000       0.412300000000000     
  0.365400000000000       0.508200000000000       0.809700000000000     
  0.907300000000000       0.939300000000000       0.961000000000000     
  0.977200000000000       0.984000000000000       0.986300000000000     
  0.987800000000000       0.988700000000000       0.989000000000000     
  0.989200000000000       0.988300000000000       0.986300000000000     
  0.984500000000000       0.980900000000000       0.975100000000000     
  0.967000000000000       0.959200000000000       0.949500000000000     
  1.376000000000000E-003  2.213000000000000E-003  3.254000000000000E-003
  5.744000000000000E-003  7.325000000000000E-003  5.647000000000000E-003
  5.190000000000000E-003  5.924000000000000E-003  5.478000000000000E-003
  3.506000000000000E-003  2.986000000000000E-003  4.493000000000000E-003
  6.545000000000000E-003  1.099000000000000E-002  1.988000000000000E-002
  2.103000000000000E-002  1.676000000000000E-002  3.662000000000000E-002
  5.593000000000000E-002  8.265000000000000E-002  0.133400000000000     
  0.162100000000000       0.121200000000000       6.103000000000000E-002
  2.074000000000000E-002  2.413000000000000E-003  1.875000000000000E-003
  8.541999999999999E-003  4.459000000000000E-002  0.106700000000000     
  0.176900000000000       0.197500000000000       0.286800000000000     
  0.492100000000000       0.733300000000000       0.866200000000000     
  0.867200000000000       0.828000000000000       0.816000000000000     
  0.807100000000000       0.767800000000000       0.845400000000000     
  0.951100000000000       0.974900000000000       0.981900000000000     
  0.986800000000000       0.990800000000000       0.992600000000000     
  0.993100000000000       0.993400000000000       0.993500000000000     
  0.993300000000000       0.993000000000000       0.991700000000000     
  0.989900000000000       0.987700000000000       0.983600000000000     
  0.976800000000000       0.966300000000000       0.953900000000000     
  0.932700000000000       2.258000000000000E-003  3.634000000000000E-003
  5.345000000000000E-003  9.431000000000000E-003  1.203000000000000E-002
  9.282000000000000E-003  8.528000000000001E-003  9.724000000000000E-003
  8.972000000000001E-003  5.729000000000000E-003  4.867000000000000E-003
  7.314000000000000E-003  1.064000000000000E-002  1.784000000000000E-002
  3.221000000000000E-002  3.405000000000000E-002  2.708000000000000E-002
  5.842000000000000E-002  8.817000000000000E-002  0.129100000000000     
  0.202600000000000       0.238400000000000       0.183800000000000     
  9.511000000000000E-002  3.264000000000000E-002  3.797000000000000E-003
  2.944000000000000E-003  1.337000000000000E-002  6.834999999999999E-002
  0.157300000000000       0.250100000000000       0.275600000000000     
  0.382100000000000       0.595700000000000       0.804800000000000     
  0.905200000000000       0.904700000000000       0.873600000000000     
  0.863200000000000       0.855100000000000       0.821600000000000     
  0.881300000000000       0.962000000000000       0.979900000000000     
  0.985100000000000       0.988700000000000       0.991900000000000     
  0.993300000000000       0.993600000000000       0.993700000000000     
  0.993800000000000       0.993500000000000       0.993200000000000     
  0.991700000000000       0.989800000000000       0.987500000000000     
  0.983000000000000       0.975500000000000       0.963800000000000     
  0.949700000000000       0.924500000000000       3.916000000000000E-003
  6.305000000000000E-003  9.282000000000000E-003  1.638000000000000E-002
  2.090000000000000E-002  1.614000000000000E-002  1.480000000000000E-002
  1.684000000000000E-002  1.547000000000000E-002  9.834000000000001E-003
  8.319000000000000E-003  1.247000000000000E-002  1.809000000000000E-002
  3.022000000000000E-002  5.419000000000000E-002  5.713000000000000E-002
  4.522000000000000E-002  9.539000000000000E-002  0.141100000000000     
  0.203200000000000       0.293800000000000       0.330600000000000     
  0.268000000000000       0.148500000000000       5.225000000000000E-002
  6.116000000000000E-003  4.732000000000000E-003  2.137000000000000E-002
  0.105400000000000       0.229200000000000       0.344800000000000     
  0.373800000000000       0.490000000000000       0.692800000000000     
  0.861100000000000       0.933500000000000       0.932000000000000     
  0.907700000000000       0.898700000000000       0.891500000000000     
  0.863400000000000       0.908300000000000       0.969900000000000     
  0.983500000000000       0.987400000000000       0.990200000000000     
  0.992600000000000       0.993700000000000       0.993900000000000     
  0.993900000000000       0.993900000000000       0.993600000000000     
  0.993100000000000       0.991400000000000       0.989400000000000     
  0.986800000000000       0.981800000000000       0.973400000000000     
  0.960100000000000       0.943600000000000       0.913400000000000     
  5.213000000000000E-003  8.404000000000000E-003  1.239000000000000E-002
  2.191000000000000E-002  2.802000000000000E-002  2.158000000000000E-002
  1.972000000000000E-002  2.235000000000000E-002  2.042000000000000E-002
  1.291000000000000E-002  1.087000000000000E-002  1.623000000000000E-002
  2.349000000000000E-002  3.909000000000000E-002  6.972000000000000E-002
  7.332000000000000E-002  5.767000000000000E-002  0.120000000000000     
  0.175300000000000       0.244400000000000       0.336200000000000     
  0.371000000000000       0.308300000000000       0.178500000000000     
  6.457000000000000E-002  7.597000000000000E-003  5.873000000000000E-003
  2.642000000000000E-002  0.127600000000000       0.268100000000000     
  0.391800000000000       0.421400000000000       0.538300000000000     
  0.730600000000000       0.880600000000000       0.942900000000000     
  0.941100000000000       0.919100000000000       0.910700000000000     
  0.903800000000000       0.877700000000000       0.917300000000000     
  0.972500000000000       0.984700000000000       0.988200000000000     
  0.990600000000000       0.992800000000000       0.993800000000000     
  0.993900000000000       0.993900000000000       0.993900000000000     
  0.993500000000000       0.993000000000000       0.991300000000000     
  0.989200000000000       0.986400000000000       0.981100000000000     
  0.972200000000000       0.958000000000000       0.940300000000000     
  0.907800000000000       7.316000000000000E-003  1.180000000000000E-002
  1.743000000000000E-002  3.087000000000000E-002  3.959000000000000E-002
  3.029000000000000E-002  2.749000000000000E-002  3.100000000000000E-002
  2.813000000000000E-002  1.770000000000000E-002  1.483000000000000E-002
  2.206000000000000E-002  3.178000000000000E-002  5.257000000000000E-002
  9.300000000000000E-002  9.716000000000000E-002  7.617000000000000E-002
  0.154800000000000       0.221000000000000       0.297800000000000     
  0.389400000000000       0.420800000000000       0.359700000000000     
  0.219500000000000       8.268000000000000E-002  9.870000000000000E-003
  7.627000000000000E-003  3.411000000000000E-002  0.159300000000000     
  0.319800000000000       0.451000000000000       0.480500000000000     
  0.595400000000000       0.771900000000000       0.900900000000000     
  0.952500000000000       0.950500000000000       0.931200000000000     
  0.923400000000000       0.916900000000000       0.893200000000000     
  0.927100000000000       0.975300000000000       0.985900000000000     
  0.989000000000000       0.991100000000000       0.993100000000000     
  0.993900000000000       0.993900000000000       0.993900000000000     
  0.993900000000000       0.993400000000000       0.992900000000000     
  0.990900000000000       0.988700000000000       0.985700000000000     
  0.980000000000000       0.970300000000000       0.954900000000000     
  0.935500000000000       0.899600000000000       9.989000000000000E-003
  1.612000000000000E-002  2.379000000000000E-002  4.219000000000000E-002
  5.420000000000000E-002  4.111000000000000E-002  3.711000000000000E-002
  4.164000000000000E-002  3.759000000000000E-002  2.359000000000000E-002
  1.971000000000000E-002  2.917000000000000E-002  4.184000000000000E-002
  6.873000000000000E-002  0.119900000000000       0.124300000000000     
  9.755999999999999E-002  0.193100000000000       0.269700000000000     
  0.351500000000000       0.438700000000000       0.465300000000000     
  0.408500000000000       0.262400000000000       0.103300000000000     
  1.258000000000000E-002  9.723000000000001E-003  4.315000000000000E-002
  0.194000000000000       0.371800000000000       0.506800000000000     
  0.535300000000000       0.645600000000000       0.805700000000000     
  0.916700000000000       0.959900000000000       0.957700000000000     
  0.940600000000000       0.933400000000000       0.927400000000000     
  0.905600000000000       0.934800000000000       0.977500000000000     
  0.986900000000000       0.989600000000000       0.991400000000000     
  0.993200000000000       0.993900000000000       0.993900000000000     
  0.993800000000000       0.993700000000000       0.993200000000000     
  0.992600000000000       0.990500000000000       0.988200000000000     
  0.984900000000000       0.978700000000000       0.968200000000000     
  0.951300000000000       0.930100000000000       0.890900000000000     
  1.427000000000000E-002  2.299000000000000E-002  3.391000000000000E-002
  6.035000000000000E-002  7.667000000000000E-002  5.770000000000000E-002
  5.179000000000000E-002  5.776000000000000E-002  5.189000000000000E-002
  3.251000000000000E-002  2.708000000000000E-002  3.981000000000000E-002
  5.676000000000000E-002  9.223000000000001E-002  0.157200000000000     
  0.161600000000000       0.127300000000000       0.243100000000000     
  0.330000000000000       0.413200000000000       0.490200000000000     
  0.510000000000000       0.460600000000000       0.314100000000000     
  0.131300000000000       1.647000000000000E-002  1.273000000000000E-002
  5.588000000000000E-002  0.238500000000000       0.432200000000000     
  0.567500000000000       0.594200000000000       0.696800000000000     
  0.837800000000000       0.931000000000000       0.966600000000000     
  0.964300000000000       0.949200000000000       0.942600000000000     
  0.936900000000000       0.917100000000000       0.942000000000000     
  0.979500000000000       0.987800000000000       0.990100000000000     
  0.991700000000000       0.993300000000000       0.993900000000000     
  0.993800000000000       0.993600000000000       0.993500000000000     
  0.992900000000000       0.992300000000000       0.989900000000000     
  0.987400000000000       0.983800000000000       0.976900000000000     
  0.965300000000000       0.946600000000000       0.923100000000000     
  0.879800000000000       1.961000000000000E-002  3.154000000000000E-002
  4.645000000000000E-002  8.225000000000000E-002  0.102300000000000     
  7.682000000000000E-002  6.877999999999999E-002  7.628000000000000E-002
  6.844000000000000E-002  4.294000000000000E-002  3.567000000000000E-002
  5.209000000000000E-002  7.371000000000000E-002  0.118200000000000     
  0.196500000000000       0.200200000000000       0.158600000000000     
  0.292100000000000       0.386000000000000       0.466300000000000     
  0.530400000000000       0.543700000000000       0.502300000000000     
  0.360900000000000       0.159900000000000       2.078000000000000E-002
  1.607000000000000E-002  6.967000000000000E-002  0.282000000000000     
  0.485300000000000       0.617500000000000       0.642000000000000     
  0.736400000000000       0.861200000000000       0.941200000000000     
  0.971200000000000       0.968900000000000       0.955300000000000     
  0.949100000000000       0.943700000000000       0.925300000000000     
  0.947100000000000       0.980900000000000       0.988400000000000     
  0.990500000000000       0.991900000000000       0.993300000000000     
  0.993800000000000       0.993600000000000       0.993400000000000     
  0.993200000000000       0.992600000000000       0.991800000000000     
  0.989200000000000       0.986500000000000       0.982500000000000     
  0.975000000000000       0.962200000000000       0.941700000000000     
  0.915900000000000       0.869100000000000       4.684000000000000E-002
  7.418000000000000E-002  0.106500000000000       0.175300000000000     
  0.204600000000000       0.156600000000000       0.140700000000000     
  0.153700000000000       0.138700000000000       8.912000000000000E-002
  7.393000000000000E-002  0.105000000000000       0.144200000000000     
  0.219400000000000       0.332500000000000       0.330100000000000     
  0.269000000000000       0.440200000000000       0.538700000000000     
  0.593400000000000       0.613500000000000       0.610200000000000     
  0.592100000000000       0.484600000000000       0.257800000000000     
  3.842000000000000E-002  2.987000000000000E-002  0.123100000000000     
  0.415500000000000       0.620600000000000       0.733200000000000     
  0.750600000000000       0.820800000000000       0.907400000000000     
  0.960400000000000       0.980000000000000       0.977700000000000     
  0.967000000000000       0.961700000000000       0.956900000000000     
  0.941300000000000       0.956800000000000       0.983400000000000     
  0.989400000000000       0.990900000000000       0.991900000000000     
  0.992800000000000       0.993100000000000       0.992700000000000     
  0.992300000000000       0.992000000000000       0.991100000000000     
  0.990000000000000       0.986500000000000       0.982900000000000     
  0.977600000000000       0.967500000000000       0.950700000000000     
  0.924100000000000       0.891200000000000       0.834600000000000     
  6.424000000000001E-002  0.100000000000000       0.138500000000000     
  0.217600000000000       0.247700000000000       0.192300000000000     
  0.173600000000000       0.188800000000000       0.171600000000000     
  0.112000000000000       9.314000000000000E-002  0.130600000000000     
  0.176800000000000       0.262600000000000       0.382600000000000     
  0.376500000000000       0.310700000000000       0.487800000000000     
  0.582900000000000       0.626000000000000       0.632000000000000     
  0.624300000000000       0.613000000000000       0.519800000000000     
  0.294300000000000       4.662000000000000E-002  3.637000000000000E-002
  0.146400000000000       0.460600000000000       0.658700000000000     
  0.763000000000000       0.778100000000000       0.841200000000000     
  0.917900000000000       0.964600000000000       0.981900000000000     
  0.979600000000000       0.969600000000000       0.964400000000000     
  0.959800000000000       0.944800000000000       0.958900000000000     
  0.983900000000000       0.989500000000000       0.990900000000000     
  0.991700000000000       0.992600000000000       0.992800000000000     
  0.992200000000000       0.991800000000000       0.991300000000000     
  0.990300000000000       0.989100000000000       0.985200000000000     
  0.981300000000000       0.975400000000000       0.964300000000000     
  0.945800000000000       0.916800000000000       0.881500000000000     
  0.822000000000000       7.821000000000000E-002  0.118900000000000     
  0.160900000000000       0.245900000000000       0.275700000000000     
  0.216300000000000       0.196100000000000       0.212500000000000     
  0.194200000000000       0.128300000000000       0.107000000000000     
  0.148600000000000       0.199300000000000       0.291200000000000     
  0.413800000000000       0.405100000000000       0.337100000000000     
  0.516000000000000       0.608300000000000       0.643800000000000     
  0.641700000000000       0.631600000000000       0.624100000000000     
  0.539900000000000       0.317500000000000       5.242000000000000E-002
  4.099000000000000E-002  0.162400000000000       0.488000000000000     
  0.680400000000000       0.779600000000000       0.793400000000000     
  0.852200000000000       0.923500000000000       0.966800000000000     
  0.982900000000000       0.980600000000000       0.970900000000000     
  0.965800000000000       0.961300000000000       0.946600000000000     
  0.959900000000000       0.984100000000000       0.989500000000000     
  0.990800000000000       0.991600000000000       0.992300000000000     
  0.992500000000000       0.991900000000000       0.991400000000000     
  0.990900000000000       0.989800000000000       0.988500000000000     
  0.984300000000000       0.980200000000000       0.973800000000000     
  0.962000000000000       0.942500000000000       0.912000000000000     
  0.875100000000000       0.813900000000000       9.272000000000000E-002
  0.138100000000000       0.183400000000000       0.273100000000000     
  0.302100000000000       0.239500000000000       0.218000000000000     
  0.235700000000000       0.216500000000000       0.144900000000000     
  0.121100000000000       0.166700000000000       0.221500000000000     
  0.318500000000000       0.442300000000000       0.431100000000000     
  0.361700000000000       0.541100000000000       0.630200000000000     
  0.658800000000000       0.649500000000000       0.637400000000000     
  0.633200000000000       0.557300000000000       0.339100000000000     
  5.832000000000000E-002  4.572000000000000E-002  0.178200000000000     
  0.512900000000000       0.699300000000000       0.793700000000000     
  0.806400000000000       0.861500000000000       0.928100000000000     
  0.968600000000000       0.983700000000000       0.981400000000000     
  0.972000000000000       0.967000000000000       0.962500000000000     
  0.948100000000000       0.960700000000000       0.984200000000000     
  0.989500000000000       0.990700000000000       0.991400000000000     
  0.992100000000000       0.992200000000000       0.991500000000000     
  0.991000000000000       0.990400000000000       0.989300000000000     
  0.987900000000000       0.983400000000000       0.979000000000000     
  0.972300000000000       0.959800000000000       0.939100000000000     
  0.907200000000000       0.868800000000000       0.806100000000000     
  0.122500000000000       0.177100000000000       0.227900000000000     
  0.323600000000000       0.349900000000000       0.283100000000000     
  0.259900000000000       0.279600000000000       0.259400000000000     
  0.177900000000000       0.149600000000000       0.202500000000000     
  0.264200000000000       0.369100000000000       0.492200000000000     
  0.476500000000000       0.405600000000000       0.583100000000000     
  0.665900000000000       0.682200000000000       0.661100000000000     
  0.645800000000000       0.647000000000000       0.585500000000000     
  0.378200000000000       7.022000000000000E-002  5.531000000000000E-002
  0.208800000000000       0.555900000000000       0.730100000000000     
  0.816400000000000       0.827100000000000       0.876200000000000     
  0.935400000000000       0.971500000000000       0.985000000000000     
  0.982700000000000       0.973700000000000       0.968800000000000     
  0.964400000000000       0.950300000000000       0.961800000000000     
  0.984300000000000       0.989400000000000       0.990400000000000     
  0.991000000000000       0.991600000000000       0.991600000000000     
  0.990800000000000       0.990100000000000       0.989500000000000     
  0.988100000000000       0.986500000000000       0.981500000000000     
  0.976600000000000       0.969100000000000       0.955200000000000     
  0.932600000000000       0.897800000000000       0.856900000000000     
  0.791700000000000       0.171300000000000       0.236700000000000     
  0.291300000000000       0.388400000000000       0.408500000000000     
  0.340200000000000       0.316300000000000       0.338400000000000     
  0.318500000000000       0.226600000000000       0.192700000000000     
  0.254500000000000       0.323800000000000       0.435000000000000     
  0.551600000000000       0.529800000000000       0.459700000000000     
  0.630400000000000       0.704300000000000       0.705900000000000     
  0.671800000000000       0.653300000000000       0.660100000000000     
  0.616000000000000       0.427100000000000       8.828000000000000E-002
  7.008000000000000E-002  0.252200000000000       0.607100000000000     
  0.764000000000000       0.840600000000000       0.849200000000000     
  0.891600000000000       0.942800000000000       0.974300000000000     
  0.986200000000000       0.984000000000000       0.975300000000000     
  0.970500000000000       0.966000000000000       0.952200000000000     
  0.962600000000000       0.984100000000000       0.989000000000000     
  0.989900000000000       0.990300000000000       0.990700000000000     
  0.990600000000000       0.989500000000000       0.988700000000000     
  0.987900000000000       0.986400000000000       0.984500000000000     
  0.978600000000000       0.973000000000000       0.964400000000000     
  0.948500000000000       0.923000000000000       0.884600000000000     
  0.840400000000000       0.772500000000000       0.206000000000000     
  0.276400000000000       0.331100000000000       0.425100000000000     
  0.440600000000000       0.373500000000000       0.350100000000000     
  0.373500000000000       0.354900000000000       0.258600000000000     
  0.221700000000000       0.288300000000000       0.361000000000000     
  0.473600000000000       0.583800000000000       0.558600000000000     
  0.490000000000000       0.655000000000000       0.723600000000000     
  0.717100000000000       0.676300000000000       0.656200000000000     
  0.665900000000000       0.631200000000000       0.455200000000000     
  0.100700000000000       8.037000000000000E-002  0.280200000000000     
  0.635200000000000       0.781500000000000       0.852800000000000     
  0.860300000000000       0.899200000000000       0.946400000000000     
  0.975700000000000       0.986800000000000       0.984500000000000     
  0.976000000000000       0.971200000000000       0.966700000000000     
  0.952900000000000       0.962800000000000       0.983900000000000     
  0.988700000000000       0.989500000000000       0.989800000000000     
  0.990100000000000       0.989800000000000       0.988600000000000     
  0.987700000000000       0.986800000000000       0.985100000000000     
  0.983000000000000       0.976600000000000       0.970500000000000     
  0.961100000000000       0.943900000000000       0.916600000000000     
  0.875900000000000       0.829900000000000       0.760600000000000     
  0.301200000000000       0.376200000000000       0.423300000000000     
  0.500600000000000       0.504600000000000       0.445100000000000     
  0.425600000000000       0.451500000000000       0.438900000000000     
  0.339500000000000       0.297600000000000       0.372400000000000     
  0.449200000000000       0.558600000000000       0.648500000000000     
  0.615800000000000       0.553400000000000       0.702200000000000     
  0.759000000000000       0.735900000000000       0.681900000000000     
  0.659100000000000       0.673900000000000       0.659000000000000     
  0.516200000000000       0.135000000000000       0.109400000000000     
  0.350400000000000       0.693200000000000       0.815100000000000     
  0.875800000000000       0.881000000000000       0.913200000000000     
  0.952800000000000       0.978000000000000       0.987700000000000     
  0.985300000000000       0.976900000000000       0.971900000000000     
  0.967300000000000       0.953300000000000       0.962000000000000     
  0.982800000000000       0.987400000000000       0.988100000000000     
  0.988000000000000       0.988100000000000       0.987500000000000     
  0.985900000000000       0.984800000000000       0.983600000000000     
  0.981400000000000       0.978800000000000       0.970800000000000     
  0.963400000000000       0.951900000000000       0.931500000000000     
  0.899500000000000       0.853300000000000       0.803100000000000     
  0.731600000000000       0.382600000000000       0.452300000000000     
  0.487400000000000       0.546400000000000       0.542400000000000     
  0.491500000000000       0.476900000000000       0.504400000000000     
  0.498900000000000       0.404500000000000       0.361800000000000     
  0.439100000000000       0.514900000000000       0.616400000000000     
  0.688000000000000       0.650500000000000       0.594200000000000     
  0.729500000000000       0.778400000000000       0.744200000000000     
  0.682100000000000       0.657700000000000       0.675500000000000     
  0.673600000000000       0.557800000000000       0.167200000000000     
  0.137500000000000       0.408200000000000       0.730800000000000     
  0.835000000000000       0.889000000000000       0.892800000000000     
  0.920900000000000       0.956100000000000       0.979100000000000     
  0.988000000000000       0.985500000000000       0.976900000000000     
  0.971700000000000       0.966800000000000       0.952100000000000     
  0.960200000000000       0.981300000000000       0.985900000000000     
  0.986400000000000       0.986100000000000       0.985900000000000     
  0.985100000000000       0.983100000000000       0.981700000000000     
  0.980200000000000       0.977600000000000       0.974500000000000     
  0.965100000000000       0.956500000000000       0.943100000000000     
  0.919700000000000       0.883800000000000       0.833300000000000     
  0.780200000000000       0.707800000000000       0.447100000000000     
  0.507800000000000       0.531400000000000       0.575000000000000     
  0.565600000000000       0.522300000000000       0.512300000000000     
  0.540800000000000       0.542000000000000       0.456000000000000     
  0.414900000000000       0.491600000000000       0.564100000000000     
  0.656800000000000       0.713400000000000       0.672400000000000     
  0.621600000000000       0.746200000000000       0.789500000000000     
  0.747300000000000       0.679600000000000       0.654400000000000     
  0.673800000000000       0.681100000000000       0.587100000000000     
  0.197200000000000       0.164300000000000       0.456100000000000     
  0.756500000000000       0.847500000000000       0.897200000000000     
  0.900000000000000       0.925300000000000       0.957800000000000     
  0.979400000000000       0.988000000000000       0.985300000000000     
  0.976300000000000       0.970800000000000       0.965600000000000     
  0.950100000000000       0.957700000000000       0.979400000000000     
  0.984200000000000       0.984500000000000       0.983900000000000     
  0.983500000000000       0.982500000000000       0.980100000000000     
  0.978500000000000       0.976800000000000       0.973900000000000     
  0.970300000000000       0.959500000000000       0.949700000000000     
  0.934700000000000       0.908600000000000       0.869200000000000     
  0.815200000000000       0.760000000000000       0.687900000000000     
  0.507200000000000       0.556300000000000       0.568100000000000     
  0.597000000000000       0.583300000000000       0.547500000000000     
  0.542300000000000       0.571600000000000       0.580000000000000     
  0.505400000000000       0.468100000000000       0.541900000000000     
  0.609300000000000       0.691800000000000       0.733700000000000     
  0.689500000000000       0.644200000000000       0.758700000000000     
  0.796900000000000       0.747000000000000       0.674500000000000     
  0.648900000000000       0.669200000000000       0.684900000000000     
  0.612900000000000       0.231600000000000       0.196000000000000     
  0.505000000000000       0.778600000000000       0.857300000000000     
  0.903200000000000       0.905100000000000       0.928200000000000     
  0.958500000000000       0.979300000000000       0.987700000000000     
  0.984700000000000       0.975100000000000       0.969100000000000     
  0.963400000000000       0.946600000000000       0.953900000000000     
  0.976800000000000       0.981800000000000       0.981800000000000     
  0.981000000000000       0.980400000000000       0.979200000000000     
  0.976400000000000       0.974500000000000       0.972500000000000     
  0.969100000000000       0.965000000000000       0.952700000000000     
  0.941500000000000       0.924500000000000       0.895400000000000     
  0.852100000000000       0.794600000000000       0.737800000000000     
  0.666900000000000       0.557500000000000       0.594600000000000     
  0.596000000000000       0.612300000000000       0.595200000000000     
  0.566200000000000       0.565600000000000       0.595500000000000     
  0.610800000000000       0.549500000000000       0.517600000000000     
  0.586800000000000       0.648000000000000       0.720100000000000     
  0.748200000000000       0.701200000000000       0.661300000000000     
  0.766400000000000       0.800200000000000       0.743100000000000     
  0.666700000000000       0.641100000000000       0.661600000000000     
  0.684400000000000       0.633600000000000       0.269000000000000     
  0.231700000000000       0.552200000000000       0.796300000000000     
  0.863900000000000       0.907000000000000       0.908100000000000     
  0.929400000000000       0.958200000000000       0.978600000000000     
  0.986900000000000       0.983500000000000       0.973100000000000     
  0.966300000000000       0.959900000000000       0.941300000000000     
  0.948300000000000       0.973100000000000       0.978500000000000     
  0.978300000000000       0.977200000000000       0.976400000000000     
  0.975000000000000       0.971800000000000       0.969600000000000     
  0.967300000000000       0.963500000000000       0.958700000000000     
  0.944600000000000       0.931800000000000       0.912500000000000     
  0.880000000000000       0.832700000000000       0.771900000000000     
  0.714200000000000       0.646100000000000       0.595000000000000     
  0.621800000000000       0.614800000000000       0.621300000000000     
  0.601900000000000       0.578400000000000       0.581600000000000     
  0.611900000000000       0.633400000000000       0.585400000000000     
  0.559800000000000       0.623400000000000       0.678500000000000     
  0.740900000000000       0.756900000000000       0.707300000000000     
  0.672200000000000       0.769400000000000       0.799500000000000     
  0.735600000000000       0.656500000000000       0.631600000000000     
  0.651400000000000       0.679800000000000       0.648400000000000     
  0.307200000000000       0.269600000000000       0.594400000000000     
  0.808900000000000       0.867000000000000       0.908300000000000     
  0.908500000000000       0.928600000000000       0.956600000000000     
  0.977100000000000       0.985700000000000       0.981800000000000     
  0.970100000000000       0.962300000000000       0.955100000000000     
  0.934100000000000       0.940900000000000       0.968300000000000     
  0.974300000000000       0.974000000000000       0.972600000000000     
  0.971600000000000       0.970100000000000       0.966400000000000     
  0.964000000000000       0.961400000000000       0.956900000000000     
  0.951400000000000       0.935300000000000       0.920700000000000     
  0.899000000000000       0.862900000000000       0.811700000000000     
  0.748200000000000       0.690600000000000       0.626700000000000     
  0.610700000000000       0.632700000000000       0.622000000000000     
  0.624100000000000       0.603700000000000       0.582700000000000     
  0.587700000000000       0.618200000000000       0.642600000000000     
  0.601600000000000       0.579700000000000       0.640200000000000     
  0.691900000000000       0.749400000000000       0.759500000000000     
  0.708400000000000       0.675700000000000       0.769100000000000     
  0.797500000000000       0.730000000000000       0.650000000000000     
  0.625800000000000       0.644700000000000       0.675500000000000     
  0.654100000000000       0.328100000000000       0.290900000000000     
  0.615200000000000       0.813800000000000       0.867400000000000     
  0.908000000000000       0.907800000000000       0.927300000000000     
  0.955200000000000       0.976000000000000       0.984900000000000     
  0.980600000000000       0.968000000000000       0.959600000000000     
  0.951700000000000       0.929100000000000       0.935900000000000     
  0.965100000000000       0.971600000000000       0.971200000000000     
  0.969600000000000       0.968600000000000       0.967100000000000     
  0.963200000000000       0.960500000000000       0.957700000000000     
  0.952900000000000       0.946900000000000       0.929700000000000     
  0.913900000000000       0.890800000000000       0.852800000000000     
  0.799500000000000       0.734900000000000       0.678000000000000     
  0.616900000000000       0.624900000000000       0.642200000000000     
  0.627900000000000       0.625700000000000       0.604400000000000     
  0.585900000000000       0.592600000000000       0.623200000000000     
  0.650700000000000       0.617400000000000       0.599600000000000     
  0.656600000000000       0.704600000000000       0.757000000000000     
  0.760700000000000       0.708000000000000       0.677900000000000     
  0.767200000000000       0.793800000000000       0.722400000000000     
  0.642000000000000       0.618800000000000       0.636500000000000     
  0.669200000000000       0.658500000000000       0.351500000000000     
  0.315300000000000       0.636800000000000       0.817800000000000     
  0.866500000000000       0.906700000000000       0.906000000000000     
  0.925100000000000       0.953000000000000       0.974400000000000     
  0.983600000000000       0.978900000000000       0.965000000000000     
  0.955800000000000       0.947200000000000       0.922600000000000     
  0.929400000000000       0.960900000000000       0.968100000000000     
  0.967600000000000       0.966000000000000       0.965000000000000     
  0.963300000000000       0.959100000000000       0.956200000000000     
  0.953200000000000       0.947900000000000       0.941400000000000     
  0.922700000000000       0.905600000000000       0.880900000000000     
  0.840600000000000       0.785100000000000       0.719700000000000     
  0.663800000000000       0.606500000000000       0.634700000000000     
  0.648300000000000       0.631200000000000       0.625800000000000     
  0.603900000000000       0.587300000000000       0.595400000000000     
  0.625800000000000       0.655900000000000       0.629000000000000     
  0.614900000000000       0.668700000000000       0.713700000000000     
  0.761800000000000       0.760200000000000       0.706100000000000     
  0.678100000000000       0.764100000000000       0.789200000000000     
  0.714600000000000       0.634500000000000       0.612400000000000     
  0.628600000000000       0.662500000000000       0.660800000000000     
  0.371700000000000       0.337100000000000       0.654000000000000     
  0.820000000000000       0.864700000000000       0.904600000000000     
  0.903500000000000       0.922400000000000       0.950500000000000     
  0.972700000000000       0.982300000000000       0.977000000000000     
  0.962000000000000       0.951900000000000       0.942400000000000     
  0.915900000000000       0.922800000000000       0.956700000000000     
  0.964600000000000       0.964100000000000       0.962400000000000     
  0.961400000000000       0.959700000000000       0.955200000000000     
  0.952000000000000       0.948900000000000       0.943100000000000     
  0.936100000000000       0.916000000000000       0.897600000000000     
  0.871400000000000       0.829100000000000       0.771900000000000     
  0.706100000000000       0.651700000000000       0.598000000000000     
  0.641500000000000       0.652100000000000       0.632900000000000     
  0.625100000000000       0.602700000000000       0.587500000000000     
  0.596600000000000       0.626900000000000       0.659100000000000     
  0.637700000000000       0.626800000000000       0.677900000000000     
  0.720300000000000       0.764800000000000       0.758600000000000     
  0.703300000000000       0.677100000000000       0.760200000000000     
  0.784100000000000       0.706700000000000       0.627500000000000     
  0.606700000000000       0.621200000000000       0.655500000000000     
  0.661400000000000       0.389400000000000       0.356400000000000     
  0.668000000000000       0.820800000000000       0.862100000000000     
  0.902100000000000       0.900500000000000       0.919300000000000     
  0.947900000000000       0.970800000000000       0.980900000000000     
  0.975100000000000       0.958800000000000       0.947900000000000     
  0.937600000000000       0.909100000000000       0.916200000000000     
  0.952600000000000       0.961100000000000       0.960700000000000     
  0.958900000000000       0.957900000000000       0.956100000000000     
  0.951400000000000       0.948000000000000       0.944600000000000     
  0.938400000000000       0.930900000000000       0.909500000000000     
  0.890000000000000       0.862400000000000       0.818300000000000     
  0.759800000000000       0.694000000000000       0.641200000000000     
  0.591100000000000       0.646200000000000       0.654400000000000     
  0.633500000000000       0.623700000000000       0.601100000000000     
  0.586900000000000       0.596700000000000       0.626900000000000     
  0.660700000000000       0.644200000000000       0.636100000000000     
  0.684800000000000       0.725000000000000       0.766400000000000     
  0.756100000000000       0.699700000000000       0.675100000000000     
  0.755700000000000       0.778600000000000       0.698900000000000     
  0.621000000000000       0.601500000000000       0.614400000000000     
  0.648500000000000       0.660900000000000       0.404800000000000     
  0.373700000000000       0.679400000000000       0.820700000000000     
  0.859000000000000       0.899200000000000       0.897200000000000     
  0.915900000000000       0.945000000000000       0.968800000000000     
  0.979400000000000       0.973100000000000       0.955600000000000     
  0.943800000000000       0.932700000000000       0.902300000000000     
  0.909600000000000       0.948500000000000       0.957800000000000     
  0.957400000000000       0.955500000000000       0.954600000000000     
  0.952700000000000       0.947700000000000       0.944100000000000     
  0.940500000000000       0.933900000000000       0.925900000000000     
  0.903200000000000       0.882600000000000       0.853700000000000     
  0.808200000000000       0.748500000000000       0.683100000000000     
  0.632100000000000       0.585300000000000       0.650600000000000     
  0.655900000000000       0.632900000000000       0.620800000000000     
  0.597900000000000       0.584900000000000       0.595600000000000     
  0.625300000000000       0.661300000000000       0.651100000000000     
  0.646800000000000       0.692300000000000       0.729500000000000     
  0.767000000000000       0.751300000000000       0.693400000000000     
  0.670800000000000       0.748200000000000       0.769700000000000     
  0.687300000000000       0.612200000000000       0.594800000000000     
  0.604900000000000       0.638000000000000       0.658500000000000     
  0.425100000000000       0.396900000000000       0.693300000000000     
  0.819100000000000       0.853400000000000       0.894100000000000     
  0.891600000000000       0.910400000000000       0.940400000000000     
  0.965700000000000       0.977100000000000       0.970000000000000     
  0.950500000000000       0.937400000000000       0.925200000000000     
  0.892000000000000       0.899600000000000       0.942300000000000     
  0.952700000000000       0.952400000000000       0.950500000000000     
  0.949600000000000       0.947600000000000       0.942200000000000     
  0.938200000000000       0.934400000000000       0.927100000000000     
  0.918400000000000       0.893900000000000       0.871800000000000     
  0.841100000000000       0.793600000000000       0.732900000000000     
  0.668500000000000       0.620300000000000       0.578200000000000     
  0.652700000000000       0.655800000000000       0.631200000000000     
  0.617500000000000       0.594600000000000       0.582300000000000     
  0.593400000000000       0.622800000000000       0.660300000000000     
  0.655000000000000       0.653800000000000       0.696800000000000     
  0.731700000000000       0.766000000000000       0.746000000000000     
  0.686800000000000       0.665800000000000       0.740600000000000     
  0.760900000000000       0.676800000000000       0.604900000000000     
  0.589500000000000       0.597200000000000       0.628400000000000     
  0.655000000000000       0.441200000000000       0.415800000000000     
  0.703300000000000       0.816400000000000       0.847600000000000     
  0.888900000000000       0.885800000000000       0.904700000000000     
  0.935800000000000       0.962500000000000       0.974800000000000     
  0.966900000000000       0.945600000000000       0.931300000000000     
  0.918100000000000       0.882400000000000       0.890500000000000     
  0.936600000000000       0.948100000000000       0.947900000000000     
  0.945900000000000       0.945000000000000       0.942900000000000     
  0.937200000000000       0.932700000000000       0.928700000000000     
  0.920800000000000       0.911500000000000       0.885400000000000     
  0.862000000000000       0.829900000000000       0.780900000000000     
  0.719600000000000       0.656500000000000       0.611000000000000     
  0.573000000000000       0.653300000000000       0.655100000000000     
  0.629600000000000       0.615100000000000       0.592200000000000     
  0.580300000000000       0.591600000000000       0.620600000000000     
  0.658900000000000       0.656700000000000       0.657400000000000     
  0.698900000000000       0.732300000000000       0.764700000000000     
  0.742000000000000       0.682200000000000       0.662100000000000     
  0.735200000000000       0.754900000000000       0.669900000000000     
  0.600500000000000       0.586500000000000       0.592500000000000     
  0.622200000000000       0.652100000000000       0.450800000000000     
  0.427200000000000       0.708800000000000       0.814100000000000     
  0.843300000000000       0.885100000000000       0.881700000000000     
  0.900700000000000       0.932500000000000       0.960300000000000     
  0.973100000000000       0.964800000000000       0.942200000000000     
  0.927200000000000       0.913300000000000       0.875900000000000     
  0.884400000000000       0.932900000000000       0.945000000000000     
  0.944900000000000       0.942900000000000       0.942000000000000     
  0.939700000000000       0.933800000000000       0.929100000000000     
  0.924900000000000       0.916700000000000       0.906900000000000     
  0.879800000000000       0.855600000000000       0.822600000000000     
  0.772700000000000       0.711200000000000       0.649200000000000     
  0.605500000000000       0.570000000000000       0.652400000000000     
  0.651100000000000       0.623700000000000       0.607700000000000     
  0.585200000000000       0.573800000000000       0.585200000000000     
  0.613000000000000       0.653000000000000       0.658200000000000     
  0.663700000000000       0.701300000000000       0.731200000000000     
  0.758800000000000       0.729100000000000       0.667800000000000     
  0.650100000000000       0.718900000000000       0.737000000000000     
  0.651200000000000       0.590000000000000       0.579700000000000     
  0.581200000000000       0.605200000000000       0.642200000000000     
  0.474100000000000       0.455900000000000       0.720500000000000     
  0.805700000000000       0.829800000000000       0.873100000000000     
  0.868800000000000       0.888300000000000       0.922500000000000     
  0.953600000000000       0.968200000000000       0.958400000000000     
  0.932200000000000       0.915000000000000       0.899200000000000     
  0.857600000000000       0.867100000000000       0.922000000000000     
  0.936100000000000       0.936200000000000       0.934100000000000     
  0.933200000000000       0.930600000000000       0.924000000000000     
  0.918600000000000       0.914000000000000       0.904700000000000     
  0.893800000000000       0.863900000000000       0.837500000000000     
  0.802400000000000       0.750600000000000       0.689400000000000     
  0.631000000000000       0.592400000000000       0.563500000000000     
  0.649000000000000       0.645500000000000       0.617000000000000     
  0.600400000000000       0.578600000000000       0.567300000000000     
  0.578200000000000       0.604600000000000       0.645400000000000     
  0.656300000000000       0.665700000000000       0.700000000000000     
  0.727200000000000       0.750900000000000       0.715800000000000     
  0.653700000000000       0.637800000000000       0.702800000000000     
  0.719800000000000       0.635300000000000       0.582500000000000     
  0.575600000000000       0.573200000000000       0.591000000000000     
  0.631400000000000       0.491300000000000       0.478100000000000     
  0.727100000000000       0.795700000000000       0.815700000000000     
  0.860600000000000       0.855400000000000       0.875600000000000     
  0.912200000000000       0.946700000000000       0.963300000000000     
  0.952000000000000       0.922500000000000       0.903300000000000     
  0.885900000000000       0.840700000000000       0.851300000000000     
  0.912000000000000       0.927800000000000       0.928100000000000     
  0.925800000000000       0.924800000000000       0.921900000000000     
  0.914700000000000       0.908600000000000       0.903600000000000     
  0.893300000000000       0.881500000000000       0.849200000000000     
  0.821000000000000       0.784300000000000       0.731500000000000     
  0.671300000000000       0.616800000000000       0.582900000000000     
  0.559200000000000       0.647600000000000       0.643400000000000     
  0.614600000000000       0.598000000000000       0.576500000000000     
  0.565200000000000       0.575800000000000       0.601800000000000     
  0.642600000000000       0.655200000000000       0.665600000000000     
  0.699100000000000       0.725400000000000       0.748000000000000     
  0.711300000000000       0.649200000000000       0.633800000000000     
  0.697600000000000       0.714300000000000       0.630500000000000     
  0.580600000000000       0.574700000000000       0.571200000000000     
  0.586900000000000       0.627800000000000       0.496000000000000     
  0.484300000000000       0.728500000000000       0.792200000000000     
  0.810900000000000       0.856300000000000       0.850900000000000     
  0.871400000000000       0.908800000000000       0.944400000000000     
  0.961700000000000       0.950000000000000       0.919400000000000     
  0.899600000000000       0.881700000000000       0.835400000000000     
  0.846400000000000       0.908700000000000       0.925100000000000     
  0.925500000000000       0.923100000000000       0.922100000000000     
  0.919100000000000       0.911600000000000       0.905400000000000     
  0.900200000000000       0.889700000000000       0.877500000000000     
  0.844500000000000       0.815800000000000       0.778700000000000     
  0.725700000000000       0.666000000000000       0.612800000000000     
  0.580300000000000       0.558100000000000       0.646000000000000     
  0.641200000000000       0.612100000000000       0.595600000000000     
  0.574400000000000       0.563000000000000       0.573400000000000     
  0.598800000000000       0.639700000000000       0.653800000000000     
  0.665300000000000       0.697900000000000       0.723300000000000     
  0.744800000000000       0.706600000000000       0.644500000000000     
  0.629500000000000       0.692200000000000       0.708500000000000     
  0.625800000000000       0.578800000000000       0.573900000000000     
  0.569200000000000       0.582800000000000       0.623900000000000     
  0.500600000000000       0.490500000000000       0.729700000000000     
  0.788300000000000       0.805800000000000       0.851800000000000     
  0.846100000000000       0.866900000000000       0.905200000000000     
  0.942000000000000       0.959900000000000       0.947700000000000     
  0.916000000000000       0.895700000000000       0.877300000000000     
  0.829900000000000       0.841200000000000       0.905300000000000     
  0.922300000000000       0.922700000000000       0.920300000000000     
  0.919200000000000       0.916100000000000       0.908400000000000     
  0.902000000000000       0.896700000000000       0.885800000000000     
  0.873300000000000       0.839600000000000       0.810400000000000     
  0.772900000000000       0.719800000000000       0.660700000000000     
  0.608900000000000       0.577800000000000       0.557100000000000     
