   37.0370000000000     
   32.2581000000000     
   28.5714000000000     
   26.3158000000000     
   23.8095000000000     
   21.7391000000000     
   20.4082000000000     
   19.2308000000000     
   18.1818000000000     
   17.5439000000000     
   16.6667000000000     
   15.6250000000000     
   14.9254000000000     
   14.2857000000000     
   13.5135000000000     
   12.8205000000000     
   12.0482000000000     
   11.2360000000000     
   10.7527000000000     
   10.3093000000000     
   9.90100000000000     
   9.61540000000000     
   9.34580000000000     
   9.09090000000000     
   8.84960000000000     
   8.62070000000000     
   8.33330000000000     
   8.06450000000000     
   7.51880000000000     
   6.84930000000000     
   6.32910000000000     
   6.09760000000000     
   5.74710000000000     
   5.23560000000000     
   4.73930000000000     
   4.23730000000000     
   3.87600000000000     
   3.62320000000000     
   3.44830000000000     
   3.28950000000000     
   3.09600000000000     
   2.72480000000000     
   2.22220000000000     
   1.86570000000000     
   1.61550000000000     
   1.36430000000000     
   1.11110000000000     
  0.947000000000000     
  0.847500000000000     
  0.775200000000000     
  0.724600000000000     
  0.675700000000000     
  0.625000000000000     
  0.550000000000000     
  0.523600000000000     
  0.473900000000000     
  0.423700000000000     
  0.373100000000000     
  0.322600000000000     
  0.272500000000000     
  0.200000000000000     
